   100
   1.5000000e+01   3.5226922e+01   0.0000000e+00
   1.7400000e+01   3.6612563e+01   0.0000000e+00
   1.9800000e+01   3.7998203e+01   0.0000000e+00
   1.2600000e+01   3.1070000e+01   0.0000000e+00
   1.5000000e+01   3.2455641e+01   0.0000000e+00
   1.7400000e+01   3.3841281e+01   0.0000000e+00
   1.9800000e+01   3.5226922e+01   0.0000000e+00
   2.2200000e+01   3.6612563e+01   0.0000000e+00
   2.4600000e+01   3.7998203e+01   0.0000000e+00
   2.7000000e+01   3.9383844e+01   0.0000000e+00
   1.2600000e+01   2.8298719e+01   0.0000000e+00
   1.5000000e+01   2.9684359e+01   0.0000000e+00
   1.7400000e+01   3.1070000e+01   0.0000000e+00
   1.9800000e+01   3.2455641e+01   0.0000000e+00
   2.2200000e+01   3.3841281e+01   0.0000000e+00
   2.4600000e+01   3.5226922e+01   0.0000000e+00
   2.7000000e+01   3.6612563e+01   0.0000000e+00
   2.9400000e+01   3.7998203e+01   0.0000000e+00
   1.2600000e+01   2.5527437e+01   0.0000000e+00
   1.5000000e+01   2.6913078e+01   0.0000000e+00
   1.7400000e+01   2.8298719e+01   0.0000000e+00
   1.9800000e+01   2.9684359e+01   0.0000000e+00
   2.2200000e+01   3.1070000e+01   0.0000000e+00
   2.4600000e+01   3.2455641e+01   0.0000000e+00
   2.7000000e+01   3.3841281e+01   0.0000000e+00
   2.9400000e+01   3.5226922e+01   0.0000000e+00
   3.1800000e+01   3.6612563e+01   0.0000000e+00
   1.2600000e+01   2.2756156e+01   0.0000000e+00
   1.5000000e+01   2.4141797e+01   0.0000000e+00
   1.7400000e+01   2.5527437e+01   0.0000000e+00
   1.9800000e+01   2.6913078e+01   0.0000000e+00
   2.2200000e+01   2.8298719e+01   0.0000000e+00
   2.4600000e+01   2.9684359e+01   0.0000000e+00
   2.7000000e+01   3.1070000e+01   0.0000000e+00
   2.9400000e+01   3.2455641e+01   0.0000000e+00
   3.1800000e+01   3.3841281e+01   0.0000000e+00
   3.4200000e+01   3.5226922e+01   0.0000000e+00
   1.2600000e+01   1.9984875e+01   0.0000000e+00
   1.5000000e+01   2.1370515e+01   0.0000000e+00
   1.7400000e+01   2.2756156e+01   0.0000000e+00
   1.9800000e+01   2.4141797e+01   0.0000000e+00
   2.2200000e+01   2.5527437e+01   0.0000000e+00
   2.4600000e+01   2.6913078e+01   0.0000000e+00
   2.7000000e+01   2.8298719e+01   0.0000000e+00
   2.9400000e+01   2.9684359e+01   0.0000000e+00
   3.1800000e+01   3.1070000e+01   0.0000000e+00
   3.4200000e+01   3.2455641e+01   0.0000000e+00
   3.6600000e+01   3.3841281e+01   0.0000000e+00
   1.5000000e+01   1.8599234e+01   0.0000000e+00
   1.7400000e+01   1.9984875e+01   0.0000000e+00
   1.9800000e+01   2.1370515e+01   0.0000000e+00
   2.2200000e+01   2.2756156e+01   0.0000000e+00
   2.4600000e+01   2.4141797e+01   0.0000000e+00
   2.7000000e+01   2.5527437e+01   0.0000000e+00
   2.9400000e+01   2.6913078e+01   0.0000000e+00
   3.1800000e+01   2.8298719e+01   0.0000000e+00
   3.4200000e+01   2.9684359e+01   0.0000000e+00
   3.6600000e+01   3.1070000e+01   0.0000000e+00
   1.5000000e+01   1.5827953e+01   0.0000000e+00
   1.7400000e+01   1.7213594e+01   0.0000000e+00
   1.9800000e+01   1.8599234e+01   0.0000000e+00
   2.2200000e+01   1.9984875e+01   0.0000000e+00
   2.4600000e+01   2.1370515e+01   0.0000000e+00
   2.7000000e+01   2.2756156e+01   0.0000000e+00
   2.9400000e+01   2.4141797e+01   0.0000000e+00
   3.1800000e+01   2.5527437e+01   0.0000000e+00
   3.4200000e+01   2.6913078e+01   0.0000000e+00
   3.6600000e+01   2.8298719e+01   0.0000000e+00
   1.7400000e+01   1.4442312e+01   0.0000000e+00
   1.9800000e+01   1.5827953e+01   0.0000000e+00
   2.2200000e+01   1.7213594e+01   0.0000000e+00
   2.4600000e+01   1.8599234e+01   0.0000000e+00
   2.7000000e+01   1.9984875e+01   0.0000000e+00
   2.9400000e+01   2.1370515e+01   0.0000000e+00
   3.1800000e+01   2.2756156e+01   0.0000000e+00
   3.4200000e+01   2.4141797e+01   0.0000000e+00
   3.6600000e+01   2.5527437e+01   0.0000000e+00
   3.9000000e+01   2.6913078e+01   0.0000000e+00
   1.9800000e+01   1.3056672e+01   0.0000000e+00
   2.2200000e+01   1.4442312e+01   0.0000000e+00
   2.4600000e+01   1.5827953e+01   0.0000000e+00
   2.7000000e+01   1.7213594e+01   0.0000000e+00
   2.9400000e+01   1.8599234e+01   0.0000000e+00
   3.1800000e+01   1.9984875e+01   0.0000000e+00
   3.4200000e+01   2.1370515e+01   0.0000000e+00
   3.6600000e+01   2.2756156e+01   0.0000000e+00
   3.9000000e+01   2.4141797e+01   0.0000000e+00
   2.2200000e+01   1.1671031e+01   0.0000000e+00
   2.4600000e+01   1.3056672e+01   0.0000000e+00
   2.7000000e+01   1.4442312e+01   0.0000000e+00
   2.9400000e+01   1.5827953e+01   0.0000000e+00
   3.1800000e+01   1.7213594e+01   0.0000000e+00
   3.4200000e+01   1.8599234e+01   0.0000000e+00
   3.6600000e+01   1.9984875e+01   0.0000000e+00
   3.9000000e+01   2.1370515e+01   0.0000000e+00
   2.7000000e+01   1.1671031e+01   0.0000000e+00
   2.9400000e+01   1.3056672e+01   0.0000000e+00
   3.1800000e+01   1.4442312e+01   0.0000000e+00
   3.4200000e+01   1.5827953e+01   0.0000000e+00
   3.6600000e+01   1.7213594e+01   0.0000000e+00
