31
42.5000 25.0000 0.0000 
42.1418 28.5227 0.0000 
41.0818 31.9012 0.0000 
39.3634 34.9972 0.0000 
37.0569 37.6839 0.0000 
34.2569 39.8513 0.0000 
31.0778 41.4107 0.0000 
27.6500 42.2982 0.0000 
24.1136 42.4775 0.0000 
20.6136 41.9413 0.0000 
17.2931 40.7116 0.0000 
14.2881 38.8386 0.0000 
11.7217 36.3990 0.0000 
9.6989 33.4928 0.0000 
8.3026 30.2389 0.0000 
7.5898 26.7704 0.0000 
7.5898 23.2296 0.0000 
8.3026 19.7611 0.0000 
9.6989 16.5072 0.0000 
11.7217 13.6010 0.0000 
14.2881 11.1614 0.0000 
17.2931 9.2884 0.0000 
20.6136 8.0587 0.0000 
24.1136 7.5225 0.0000 
27.6500 7.7018 0.0000 
31.0778 8.5893 0.0000 
34.2569 10.1487 0.0000 
37.0569 12.3161 0.0000 
39.3634 15.0028 0.0000 
41.0818 18.0988 0.0000 
42.1418 21.4773 0.0000 
