20
05.4995 19.3000 0.0000 bc
08.2785 19.3000 0.0000 pouch
11.0575 19.3000 0.0000 pouch
13.8365 19.3000 0.0000 pouch
16.6155 19.3000 0.0000 pouch
19.3945 19.3000 0.0000 pouch
22.1735 19.3000 0.0000 pouch
24.9525 19.3000 0.0000 pouch
27.7315 19.3000 0.0000 pouch
30.5105 19.3000 0.0000 pouch 
33.2895 19.3000 0.0000 pouch
36.0685 19.3000 0.0000 pouch
38.8475 19.3000 0.0000 pouch
41.6265 19.3000 0.0000 pouch
44.4055 19.3000 0.0000 pouch
47.1845 19.3000 0.0000 pouch
49.9635 19.3000 0.0000 pouch
52.7425 19.3000 0.0000 pouch
55.5215 19.3000 0.0000 pouch
58.3005 19.3000 0.0000 bc
