1364
44.5500 25.0000 
44.5498 25.0901 
44.5492 25.1801 
44.5481 25.2702 
44.5467 25.3602 
44.5448 25.4502 
44.5425 25.5403 
44.5398 25.6303 
44.5367 25.7203 
44.5332 25.8103 
44.5293 25.9002 
44.5249 25.9902 
44.5201 26.0801 
44.5150 26.1700 
44.5094 26.2599 
44.5033 26.3498 
44.4969 26.4396 
44.4901 26.5294 
44.4828 26.6191 
44.4752 26.7089 
44.4671 26.7986 
44.4586 26.8882 
44.4497 26.9778 
44.4404 27.0674 
44.4306 27.1569 
44.4205 27.2464 
44.4100 27.3359 
44.3990 27.4252 
44.3876 27.5146 
44.3758 27.6039 
44.3636 27.6931 
44.3510 27.7823 
44.3380 27.8714 
44.3246 27.9604 
44.3107 28.0494 
44.2965 28.1383 
44.2818 28.2272 
44.2667 28.3160 
44.2513 28.4047 
44.2354 28.4933 
44.2191 28.5819 
44.2024 28.6704 
44.1853 28.7588 
44.1677 28.8471 
44.1498 28.9354 
44.1315 29.0236 
44.1127 29.1116 
44.0936 29.1996 
44.0741 29.2875 
44.0541 29.3754 
44.0337 29.4631 
44.0130 29.5507 
43.9918 29.6383 
43.9702 29.7257 
43.9483 29.8130 
43.9259 29.9003 
43.9031 29.9874 
43.8800 30.0744 
43.8564 30.1613 
43.8324 30.2481 
43.8080 30.3348 
43.7833 30.4214 
43.7581 30.5079 
43.7325 30.5942 
43.7065 30.6805 
43.6802 30.7666 
43.6534 30.8525 
43.6263 30.9384 
43.5987 31.0242 
43.5708 31.1098 
43.5424 31.1952 
43.5137 31.2806 
43.4846 31.3658 
43.4550 31.4509 
43.4251 31.5358 
43.3948 31.6206 
43.3641 31.7053 
43.3331 31.7898 
43.3016 31.8742 
43.2697 31.9584 
43.2375 32.0425 
43.2048 32.1264 
43.1718 32.2102 
43.1384 32.2939 
43.1046 32.3773 
43.0704 32.4607 
43.0359 32.5438 
43.0009 32.6268 
42.9656 32.7097 
42.9299 32.7923 
42.8938 32.8748 
42.8574 32.9572 
42.8205 33.0394 
42.7833 33.1214 
42.7457 33.2032 
42.7077 33.2849 
42.6694 33.3663 
42.6307 33.4476 
42.5916 33.5288 
42.5521 33.6097 
42.5122 33.6905 
42.4720 33.7710 
42.4314 33.8514 
42.3905 33.9316 
42.3491 34.0116 
42.3074 34.0915 
42.2654 34.1711 
42.2230 34.2505 
42.1802 34.3298 
42.1370 34.4088 
42.0935 34.4877 
42.0496 34.5663 
42.0053 34.6447 
41.9607 34.7230 
41.9158 34.8010 
41.8704 34.8788 
41.8248 34.9564 
41.7787 35.0338 
41.7323 35.1110 
41.6856 35.1880 
41.6385 35.2647 
41.5910 35.3412 
41.5432 35.4176 
41.4950 35.4937 
41.4465 35.5695 
41.3976 35.6452 
41.3484 35.7206 
41.2989 35.7958 
41.2490 35.8708 
41.1987 35.9455 
41.1481 36.0200 
41.0972 36.0943 
41.0459 36.1683 
40.9943 36.2421 
40.9424 36.3156 
40.8901 36.3890 
40.8374 36.4620 
40.7845 36.5349 
40.7312 36.6075 
40.6775 36.6798 
40.6236 36.7519 
40.5693 36.8237 
40.5146 36.8953 
40.4597 36.9667 
40.4044 37.0378 
40.3488 37.1086 
40.2928 37.1792 
40.2366 37.2495 
40.1800 37.3195 
40.1231 37.3893 
40.0658 37.4589 
40.0083 37.5281 
39.9504 37.5971 
39.8922 37.6659 
39.8337 37.7343 
39.7749 37.8025 
39.7158 37.8705 
39.6563 37.9381 
39.5966 38.0055 
39.5365 38.0726 
39.4761 38.1394 
39.4155 38.2059 
39.3545 38.2722 
39.2932 38.3382 
39.2316 38.4039 
39.1697 38.4693 
39.1075 38.5344 
39.0450 38.5993 
38.9822 38.6638 
38.9191 38.7281 
38.8557 38.7921 
38.7921 38.8557 
38.7281 38.9191 
38.6638 38.9822 
38.5993 39.0450 
38.5344 39.1075 
38.4693 39.1697 
38.4039 39.2316 
38.3382 39.2932 
38.2722 39.3545 
38.2059 39.4155 
38.1394 39.4761 
38.0726 39.5365 
38.0055 39.5966 
37.9381 39.6563 
37.8705 39.7158 
37.8025 39.7749 
37.7343 39.8337 
37.6659 39.8922 
37.5971 39.9504 
37.5281 40.0083 
37.4589 40.0658 
37.3893 40.1231 
37.3195 40.1800 
37.2495 40.2366 
37.1792 40.2928 
37.1086 40.3488 
37.0378 40.4044 
36.9667 40.4597 
36.8953 40.5146 
36.8237 40.5693 
36.7519 40.6236 
36.6798 40.6775 
36.6075 40.7312 
36.5349 40.7845 
36.4620 40.8374 
36.3890 40.8901 
36.3156 40.9424 
36.2421 40.9943 
36.1683 41.0459 
36.0943 41.0972 
36.0200 41.1481 
35.9455 41.1987 
35.8708 41.2490 
35.7958 41.2989 
35.7206 41.3484 
35.6452 41.3976 
35.5695 41.4465 
35.4937 41.4950 
35.4176 41.5432 
35.3412 41.5910 
35.2647 41.6385 
35.1880 41.6856 
35.1110 41.7323 
35.0338 41.7787 
34.9564 41.8248 
34.8788 41.8704 
34.8010 41.9158 
34.7230 41.9607 
34.6447 42.0053 
34.5663 42.0496 
34.4877 42.0935 
34.4088 42.1370 
34.3298 42.1802 
34.2505 42.2230 
34.1711 42.2654 
34.0915 42.3074 
34.0116 42.3491 
33.9316 42.3905 
33.8514 42.4314 
33.7710 42.4720 
33.6905 42.5122 
33.6097 42.5521 
33.5288 42.5916 
33.4476 42.6307 
33.3663 42.6694 
33.2849 42.7077 
33.2032 42.7457 
33.1214 42.7833 
33.0394 42.8205 
32.9572 42.8574 
32.8748 42.8938 
32.7923 42.9299 
32.7097 42.9656 
32.6268 43.0009 
32.5438 43.0359 
32.4607 43.0704 
32.3773 43.1046 
32.2939 43.1384 
32.2102 43.1718 
32.1264 43.2048 
32.0425 43.2375 
31.9584 43.2697 
31.8742 43.3016 
31.7898 43.3331 
31.7053 43.3641 
31.6206 43.3948 
31.5358 43.4251 
31.4509 43.4550 
31.3658 43.4846 
31.2806 43.5137 
31.1952 43.5424 
31.1098 43.5708 
31.0242 43.5987 
30.9384 43.6263 
30.8525 43.6534 
30.7666 43.6802 
30.6805 43.7065 
30.5942 43.7325 
30.5079 43.7581 
30.4214 43.7833 
30.3348 43.8080 
30.2481 43.8324 
30.1613 43.8564 
30.0744 43.8800 
29.9874 43.9031 
29.9003 43.9259 
29.8130 43.9483 
29.7257 43.9702 
29.6383 43.9918 
29.5507 44.0130 
29.4631 44.0337 
29.3754 44.0541 
29.2875 44.0741 
29.1996 44.0936 
29.1116 44.1127 
29.0236 44.1315 
28.9354 44.1498 
28.8471 44.1677 
28.7588 44.1853 
28.6704 44.2024 
28.5819 44.2191 
28.4933 44.2354 
28.4047 44.2513 
28.3160 44.2667 
28.2272 44.2818 
28.1383 44.2965 
28.0494 44.3107 
27.9604 44.3246 
27.8714 44.3380 
27.7823 44.3510 
27.6931 44.3636 
27.6039 44.3758 
27.5146 44.3876 
27.4252 44.3990 
27.3359 44.4100 
27.2464 44.4205 
27.1569 44.4306 
27.0674 44.4404 
26.9778 44.4497 
26.8882 44.4586 
26.7986 44.4671 
26.7089 44.4752 
26.6191 44.4828 
26.5294 44.4901 
26.4396 44.4969 
26.3498 44.5033 
26.2599 44.5094 
26.1700 44.5150 
26.0801 44.5201 
25.9902 44.5249 
25.9002 44.5293 
25.8103 44.5332 
25.7203 44.5367 
25.6303 44.5398 
25.5403 44.5425 
25.4502 44.5448 
25.3602 44.5467 
25.2702 44.5481 
25.1801 44.5492 
25.0901 44.5498 
25.0000 44.5500 
24.9099 44.5498 
24.8199 44.5492 
24.7298 44.5481 
24.6398 44.5467 
24.5498 44.5448 
24.4597 44.5425 
24.3697 44.5398 
24.2797 44.5367 
24.1897 44.5332 
24.0998 44.5293 
24.0098 44.5249 
23.9199 44.5201 
23.8300 44.5150 
23.7401 44.5094 
23.6502 44.5033 
23.5604 44.4969 
23.4706 44.4901 
23.3809 44.4828 
23.2911 44.4752 
23.2014 44.4671 
23.1118 44.4586 
23.0222 44.4497 
22.9326 44.4404 
22.8431 44.4306 
22.7536 44.4205 
22.6641 44.4100 
22.5748 44.3990 
22.4854 44.3876 
22.3961 44.3758 
22.3069 44.3636 
22.2177 44.3510 
22.1286 44.3380 
22.0396 44.3246 
21.9506 44.3107 
21.8617 44.2965 
21.7728 44.2818 
21.6840 44.2667 
21.5953 44.2513 
21.5067 44.2354 
21.4181 44.2191 
21.3296 44.2024 
21.2412 44.1853 
21.1529 44.1677 
21.0646 44.1498 
20.9764 44.1315 
20.8884 44.1127 
20.8004 44.0936 
20.7125 44.0741 
20.6246 44.0541 
20.5369 44.0337 
20.4493 44.0130 
20.3617 43.9918 
20.2743 43.9702 
20.1870 43.9483 
20.0997 43.9259 
20.0126 43.9031 
19.9256 43.8800 
19.8387 43.8564 
19.7519 43.8324 
19.6652 43.8080 
19.5786 43.7833 
19.4921 43.7581 
19.4058 43.7325 
19.3195 43.7065 
19.2334 43.6802 
19.1475 43.6534 
19.0616 43.6263 
18.9758 43.5987 
18.8902 43.5708 
18.8048 43.5424 
18.7194 43.5137 
18.6342 43.4846 
18.5491 43.4550 
18.4642 43.4251 
18.3794 43.3948 
18.2947 43.3641 
18.2102 43.3331 
18.1258 43.3016 
18.0416 43.2697 
17.9575 43.2375 
17.8736 43.2048 
17.7898 43.1718 
17.7061 43.1384 
17.6227 43.1046 
17.5393 43.0704 
17.4562 43.0359 
17.3732 43.0009 
17.2903 42.9656 
17.2077 42.9299 
17.1252 42.8938 
17.0428 42.8574 
16.9606 42.8205 
16.8786 42.7833 
16.7968 42.7457 
16.7151 42.7077 
16.6337 42.6694 
16.5524 42.6307 
16.4712 42.5916 
16.3903 42.5521 
16.3095 42.5122 
16.2290 42.4720 
16.1486 42.4314 
16.0684 42.3905 
15.9884 42.3491 
15.9085 42.3074 
15.8289 42.2654 
15.7495 42.2230 
15.6702 42.1802 
15.5912 42.1370 
15.5123 42.0935 
15.4337 42.0496 
15.3553 42.0053 
15.2770 41.9607 
15.1990 41.9158 
15.1212 41.8704 
15.0436 41.8248 
14.9662 41.7787 
14.8890 41.7323 
14.8120 41.6856 
14.7353 41.6385 
14.6588 41.5910 
14.5824 41.5432 
14.5063 41.4950 
14.4305 41.4465 
14.3548 41.3976 
14.2794 41.3484 
14.2042 41.2989 
14.1292 41.2490 
14.0545 41.1987 
13.9800 41.1481 
13.9057 41.0972 
13.8317 41.0459 
13.7579 40.9943 
13.6844 40.9424 
13.6110 40.8901 
13.5380 40.8374 
13.4651 40.7845 
13.3925 40.7312 
13.3202 40.6775 
13.2481 40.6236 
13.1763 40.5693 
13.1047 40.5146 
13.0333 40.4597 
12.9622 40.4044 
12.8914 40.3488 
12.8208 40.2928 
12.7505 40.2366 
12.6805 40.1800 
12.6107 40.1231 
12.5411 40.0658 
12.4719 40.0083 
12.4029 39.9504 
12.3341 39.8922 
12.2657 39.8337 
12.1975 39.7749 
12.1295 39.7158 
12.0619 39.6563 
11.9945 39.5966 
11.9274 39.5365 
11.8606 39.4761 
11.7941 39.4155 
11.7278 39.3545 
11.6618 39.2932 
11.5961 39.2316 
11.5307 39.1697 
11.4656 39.1075 
11.4007 39.0450 
11.3362 38.9822 
11.2719 38.9191 
11.2079 38.8557 
11.1443 38.7921 
11.0809 38.7281 
11.0178 38.6638 
10.9550 38.5993 
10.8925 38.5344 
10.8303 38.4693 
10.7684 38.4039 
10.7068 38.3382 
10.6455 38.2722 
10.5845 38.2059 
10.5239 38.1394 
10.4635 38.0726 
10.4034 38.0055 
10.3437 37.9381 
10.2842 37.8705 
10.2251 37.8025 
10.1663 37.7343 
10.1078 37.6659 
10.0496 37.5971 
9.9917 37.5281 
9.9342 37.4589 
9.8769 37.3893 
9.8200 37.3195 
9.7634 37.2495 
9.7072 37.1792 
9.6512 37.1086 
9.5956 37.0378 
9.5403 36.9667 
9.4854 36.8953 
9.4307 36.8237 
9.3764 36.7519 
9.3225 36.6798 
9.2688 36.6075 
9.2155 36.5349 
9.1626 36.4620 
9.1099 36.3890 
9.0576 36.3156 
9.0057 36.2421 
8.9541 36.1683 
8.9028 36.0943 
8.8519 36.0200 
8.8013 35.9455 
8.7510 35.8708 
8.7011 35.7958 
8.6516 35.7206 
8.6024 35.6452 
8.5535 35.5695 
8.5050 35.4937 
8.4568 35.4176 
8.4090 35.3412 
8.3615 35.2647 
8.3144 35.1880 
8.2677 35.1110 
8.2213 35.0338 
8.1752 34.9564 
8.1296 34.8788 
8.0842 34.8010 
8.0393 34.7230 
7.9947 34.6447 
7.9504 34.5663 
7.9065 34.4877 
7.8630 34.4088 
7.8198 34.3298 
7.7770 34.2505 
7.7346 34.1711 
7.6926 34.0915 
7.6509 34.0116 
7.6095 33.9316 
7.5686 33.8514 
7.5280 33.7710 
7.4878 33.6905 
7.4479 33.6097 
7.4084 33.5288 
7.3693 33.4476 
7.3306 33.3663 
7.2923 33.2849 
7.2543 33.2032 
7.2167 33.1214 
7.1795 33.0394 
7.1426 32.9572 
7.1062 32.8748 
7.0701 32.7923 
7.0344 32.7097 
6.9991 32.6268 
6.9641 32.5438 
6.9296 32.4607 
6.8954 32.3773 
6.8616 32.2939 
6.8282 32.2102 
6.7952 32.1264 
6.7625 32.0425 
6.7303 31.9584 
6.6984 31.8742 
6.6669 31.7898 
6.6359 31.7053 
6.6052 31.6206 
6.5749 31.5358 
6.5450 31.4509 
6.5154 31.3658 
6.4863 31.2806 
6.4576 31.1952 
6.4292 31.1098 
6.4013 31.0242 
6.3737 30.9384 
6.3466 30.8525 
6.3198 30.7666 
6.2935 30.6805 
6.2675 30.5942 
6.2419 30.5079 
6.2167 30.4214 
6.1920 30.3348 
6.1676 30.2481 
6.1436 30.1613 
6.1200 30.0744 
6.0969 29.9874 
6.0741 29.9003 
6.0517 29.8130 
6.0298 29.7257 
6.0082 29.6383 
5.9870 29.5507 
5.9663 29.4631 
5.9459 29.3754 
5.9259 29.2875 
5.9064 29.1996 
5.8873 29.1116 
5.8685 29.0236 
5.8502 28.9354 
5.8323 28.8471 
5.8147 28.7588 
5.7976 28.6704 
5.7809 28.5819 
5.7646 28.4933 
5.7487 28.4047 
5.7333 28.3160 
5.7182 28.2272 
5.7035 28.1383 
5.6893 28.0494 
5.6754 27.9604 
5.6620 27.8714 
5.6490 27.7823 
5.6364 27.6931 
5.6242 27.6039 
5.6124 27.5146 
5.6010 27.4252 
5.5900 27.3359 
5.5795 27.2464 
5.5694 27.1569 
5.5596 27.0674 
5.5503 26.9778 
5.5414 26.8882 
5.5329 26.7986 
5.5248 26.7089 
5.5172 26.6191 
5.5099 26.5294 
5.5031 26.4396 
5.4967 26.3498 
5.4906 26.2599 
5.4850 26.1700 
5.4799 26.0801 
5.4751 25.9902 
5.4707 25.9002 
5.4668 25.8103 
5.4633 25.7203 
5.4602 25.6303 
5.4575 25.5403 
5.4552 25.4502 
5.4533 25.3602 
5.4519 25.2702 
5.4508 25.1801 
5.4502 25.0901 
5.4500 25.0000 
5.4502 24.9099 
5.4508 24.8199 
5.4519 24.7298 
5.4533 24.6398 
5.4552 24.5498 
5.4575 24.4597 
5.4602 24.3697 
5.4633 24.2797 
5.4668 24.1897 
5.4707 24.0998 
5.4751 24.0098 
5.4799 23.9199 
5.4850 23.8300 
5.4906 23.7401 
5.4967 23.6502 
5.5031 23.5604 
5.5099 23.4706 
5.5172 23.3809 
5.5248 23.2911 
5.5329 23.2014 
5.5414 23.1118 
5.5503 23.0222 
5.5596 22.9326 
5.5694 22.8431 
5.5795 22.7536 
5.5900 22.6641 
5.6010 22.5748 
5.6124 22.4854 
5.6242 22.3961 
5.6364 22.3069 
5.6490 22.2177 
5.6620 22.1286 
5.6754 22.0396 
5.6893 21.9506 
5.7035 21.8617 
5.7182 21.7728 
5.7333 21.6840 
5.7487 21.5953 
5.7646 21.5067 
5.7809 21.4181 
5.7976 21.3296 
5.8147 21.2412 
5.8323 21.1529 
5.8502 21.0646 
5.8685 20.9764 
5.8873 20.8884 
5.9064 20.8004 
5.9259 20.7125 
5.9459 20.6246 
5.9663 20.5369 
5.9870 20.4493 
6.0082 20.3617 
6.0298 20.2743 
6.0517 20.1870 
6.0741 20.0997 
6.0969 20.0126 
6.1200 19.9256 
6.1436 19.8387 
6.1676 19.7519 
6.1920 19.6652 
6.2167 19.5786 
6.2419 19.4921 
6.2675 19.4058 
6.2935 19.3195 
6.3198 19.2334 
6.3466 19.1475 
6.3737 19.0616 
6.4013 18.9758 
6.4292 18.8902 
6.4576 18.8048 
6.4863 18.7194 
6.5154 18.6342 
6.5450 18.5491 
6.5749 18.4642 
6.6052 18.3794 
6.6359 18.2947 
6.6669 18.2102 
6.6984 18.1258 
6.7303 18.0416 
6.7625 17.9575 
6.7952 17.8736 
6.8282 17.7898 
6.8616 17.7061 
6.8954 17.6227 
6.9296 17.5393 
6.9641 17.4562 
6.9991 17.3732 
7.0344 17.2903 
7.0701 17.2077 
7.1062 17.1252 
7.1426 17.0428 
7.1795 16.9606 
7.2167 16.8786 
7.2543 16.7968 
7.2923 16.7151 
7.3306 16.6337 
7.3693 16.5524 
7.4084 16.4712 
7.4479 16.3903 
7.4878 16.3095 
7.5280 16.2290 
7.5686 16.1486 
7.6095 16.0684 
7.6509 15.9884 
7.6926 15.9085 
7.7346 15.8289 
7.7770 15.7495 
7.8198 15.6702 
7.8630 15.5912 
7.9065 15.5123 
7.9504 15.4337 
7.9947 15.3553 
8.0393 15.2770 
8.0842 15.1990 
8.1296 15.1212 
8.1752 15.0436 
8.2213 14.9662 
8.2677 14.8890 
8.3144 14.8120 
8.3615 14.7353 
8.4090 14.6588 
8.4568 14.5824 
8.5050 14.5063 
8.5535 14.4305 
8.6024 14.3548 
8.6516 14.2794 
8.7011 14.2042 
8.7510 14.1292 
8.8013 14.0545 
8.8519 13.9800 
8.9028 13.9057 
8.9541 13.8317 
9.0057 13.7579 
9.0576 13.6844 
9.1099 13.6110 
9.1626 13.5380 
9.2155 13.4651 
9.2688 13.3925 
9.3225 13.3202 
9.3764 13.2481 
9.4307 13.1763 
9.4854 13.1047 
9.5403 13.0333 
9.5956 12.9622 
9.6512 12.8914 
9.7072 12.8208 
9.7634 12.7505 
9.8200 12.6805 
9.8769 12.6107 
9.9342 12.5411 
9.9917 12.4719 
10.0496 12.4029 
10.1078 12.3341 
10.1663 12.2657 
10.2251 12.1975 
10.2842 12.1295 
10.3437 12.0619 
10.4034 11.9945 
10.4635 11.9274 
10.5239 11.8606 
10.5845 11.7941 
10.6455 11.7278 
10.7068 11.6618 
10.7684 11.5961 
10.8303 11.5307 
10.8925 11.4656 
10.9550 11.4007 
11.0178 11.3362 
11.0809 11.2719 
11.1443 11.2079 
11.2079 11.1443 
11.2719 11.0809 
11.3362 11.0178 
11.4007 10.9550 
11.4656 10.8925 
11.5307 10.8303 
11.5961 10.7684 
11.6618 10.7068 
11.7278 10.6455 
11.7941 10.5845 
11.8606 10.5239 
11.9274 10.4635 
11.9945 10.4034 
12.0619 10.3437 
12.1295 10.2842 
12.1975 10.2251 
12.2657 10.1663 
12.3341 10.1078 
12.4029 10.0496 
12.4719 9.9917 
12.5411 9.9342 
12.6107 9.8769 
12.6805 9.8200 
12.7505 9.7634 
12.8208 9.7072 
12.8914 9.6512 
12.9622 9.5956 
13.0333 9.5403 
13.1047 9.4854 
13.1763 9.4307 
13.2481 9.3764 
13.3202 9.3225 
13.3925 9.2688 
13.4651 9.2155 
13.5380 9.1626 
13.6110 9.1099 
13.6844 9.0576 
13.7579 9.0057 
13.8317 8.9541 
13.9057 8.9028 
13.9800 8.8519 
14.0545 8.8013 
14.1292 8.7510 
14.2042 8.7011 
14.2794 8.6516 
14.3548 8.6024 
14.4305 8.5535 
14.5063 8.5050 
14.5824 8.4568 
14.6588 8.4090 
14.7353 8.3615 
14.8120 8.3144 
14.8890 8.2677 
14.9662 8.2213 
15.0436 8.1752 
15.1212 8.1296 
15.1990 8.0842 
15.2770 8.0393 
15.3553 7.9947 
15.4337 7.9504 
15.5123 7.9065 
15.5912 7.8630 
15.6702 7.8198 
15.7495 7.7770 
15.8289 7.7346 
15.9085 7.6926 
15.9884 7.6509 
16.0684 7.6095 
16.1486 7.5686 
16.2290 7.5280 
16.3095 7.4878 
16.3903 7.4479 
16.4712 7.4084 
16.5524 7.3693 
16.6337 7.3306 
16.7151 7.2923 
16.7968 7.2543 
16.8786 7.2167 
16.9606 7.1795 
17.0428 7.1426 
17.1252 7.1062 
17.2077 7.0701 
17.2903 7.0344 
17.3732 6.9991 
17.4562 6.9641 
17.5393 6.9296 
17.6227 6.8954 
17.7061 6.8616 
17.7898 6.8282 
17.8736 6.7952 
17.9575 6.7625 
18.0416 6.7303 
18.1258 6.6984 
18.2102 6.6669 
18.2947 6.6359 
18.3794 6.6052 
18.4642 6.5749 
18.5491 6.5450 
18.6342 6.5154 
18.7194 6.4863 
18.8048 6.4576 
18.8902 6.4292 
18.9758 6.4013 
19.0616 6.3737 
19.1475 6.3466 
19.2334 6.3198 
19.3195 6.2935 
19.4058 6.2675 
19.4921 6.2419 
19.5786 6.2167 
19.6652 6.1920 
19.7519 6.1676 
19.8387 6.1436 
19.9256 6.1200 
20.0126 6.0969 
20.0997 6.0741 
20.1870 6.0517 
20.2743 6.0298 
20.3617 6.0082 
20.4493 5.9870 
20.5369 5.9663 
20.6246 5.9459 
20.7125 5.9259 
20.8004 5.9064 
20.8884 5.8873 
20.9764 5.8685 
21.0646 5.8502 
21.1529 5.8323 
21.2412 5.8147 
21.3296 5.7976 
21.4181 5.7809 
21.5067 5.7646 
21.5953 5.7487 
21.6840 5.7333 
21.7728 5.7182 
21.8617 5.7035 
21.9506 5.6893 
22.0396 5.6754 
22.1286 5.6620 
22.2177 5.6490 
22.3069 5.6364 
22.3961 5.6242 
22.4854 5.6124 
22.5748 5.6010 
22.6641 5.5900 
22.7536 5.5795 
22.8431 5.5694 
22.9326 5.5596 
23.0222 5.5503 
23.1118 5.5414 
23.2014 5.5329 
23.2911 5.5248 
23.3809 5.5172 
23.4706 5.5099 
23.5604 5.5031 
23.6502 5.4967 
23.7401 5.4906 
23.8300 5.4850 
23.9199 5.4799 
24.0098 5.4751 
24.0998 5.4707 
24.1897 5.4668 
24.2797 5.4633 
24.3697 5.4602 
24.4597 5.4575 
24.5498 5.4552 
24.6398 5.4533 
24.7298 5.4519 
24.8199 5.4508 
24.9099 5.4502 
25.0000 5.4500 
25.0901 5.4502 
25.1801 5.4508 
25.2702 5.4519 
25.3602 5.4533 
25.4502 5.4552 
25.5403 5.4575 
25.6303 5.4602 
25.7203 5.4633 
25.8103 5.4668 
25.9002 5.4707 
25.9902 5.4751 
26.0801 5.4799 
26.1700 5.4850 
26.2599 5.4906 
26.3498 5.4967 
26.4396 5.5031 
26.5294 5.5099 
26.6191 5.5172 
26.7089 5.5248 
26.7986 5.5329 
26.8882 5.5414 
26.9778 5.5503 
27.0674 5.5596 
27.1569 5.5694 
27.2464 5.5795 
27.3359 5.5900 
27.4252 5.6010 
27.5146 5.6124 
27.6039 5.6242 
27.6931 5.6364 
27.7823 5.6490 
27.8714 5.6620 
27.9604 5.6754 
28.0494 5.6893 
28.1383 5.7035 
28.2272 5.7182 
28.3160 5.7333 
28.4047 5.7487 
28.4933 5.7646 
28.5819 5.7809 
28.6704 5.7976 
28.7588 5.8147 
28.8471 5.8323 
28.9354 5.8502 
29.0236 5.8685 
29.1116 5.8873 
29.1996 5.9064 
29.2875 5.9259 
29.3754 5.9459 
29.4631 5.9663 
29.5507 5.9870 
29.6383 6.0082 
29.7257 6.0298 
29.8130 6.0517 
29.9003 6.0741 
29.9874 6.0969 
30.0744 6.1200 
30.1613 6.1436 
30.2481 6.1676 
30.3348 6.1920 
30.4214 6.2167 
30.5079 6.2419 
30.5942 6.2675 
30.6805 6.2935 
30.7666 6.3198 
30.8525 6.3466 
30.9384 6.3737 
31.0242 6.4013 
31.1098 6.4292 
31.1952 6.4576 
31.2806 6.4863 
31.3658 6.5154 
31.4509 6.5450 
31.5358 6.5749 
31.6206 6.6052 
31.7053 6.6359 
31.7898 6.6669 
31.8742 6.6984 
31.9584 6.7303 
32.0425 6.7625 
32.1264 6.7952 
32.2102 6.8282 
32.2939 6.8616 
32.3773 6.8954 
32.4607 6.9296 
32.5438 6.9641 
32.6268 6.9991 
32.7097 7.0344 
32.7923 7.0701 
32.8748 7.1062 
32.9572 7.1426 
33.0394 7.1795 
33.1214 7.2167 
33.2032 7.2543 
33.2849 7.2923 
33.3663 7.3306 
33.4476 7.3693 
33.5288 7.4084 
33.6097 7.4479 
33.6905 7.4878 
33.7710 7.5280 
33.8514 7.5686 
33.9316 7.6095 
34.0116 7.6509 
34.0915 7.6926 
34.1711 7.7346 
34.2505 7.7770 
34.3298 7.8198 
34.4088 7.8630 
34.4877 7.9065 
34.5663 7.9504 
34.6447 7.9947 
34.7230 8.0393 
34.8010 8.0842 
34.8788 8.1296 
34.9564 8.1752 
35.0338 8.2213 
35.1110 8.2677 
35.1880 8.3144 
35.2647 8.3615 
35.3412 8.4090 
35.4176 8.4568 
35.4937 8.5050 
35.5695 8.5535 
35.6452 8.6024 
35.7206 8.6516 
35.7958 8.7011 
35.8708 8.7510 
35.9455 8.8013 
36.0200 8.8519 
36.0943 8.9028 
36.1683 8.9541 
36.2421 9.0057 
36.3156 9.0576 
36.3890 9.1099 
36.4620 9.1626 
36.5349 9.2155 
36.6075 9.2688 
36.6798 9.3225 
36.7519 9.3764 
36.8237 9.4307 
36.8953 9.4854 
36.9667 9.5403 
37.0378 9.5956 
37.1086 9.6512 
37.1792 9.7072 
37.2495 9.7634 
37.3195 9.8200 
37.3893 9.8769 
37.4589 9.9342 
37.5281 9.9917 
37.5971 10.0496 
37.6659 10.1078 
37.7343 10.1663 
37.8025 10.2251 
37.8705 10.2842 
37.9381 10.3437 
38.0055 10.4034 
38.0726 10.4635 
38.1394 10.5239 
38.2059 10.5845 
38.2722 10.6455 
38.3382 10.7068 
38.4039 10.7684 
38.4693 10.8303 
38.5344 10.8925 
38.5993 10.9550 
38.6638 11.0178 
38.7281 11.0809 
38.7921 11.1443 
38.8557 11.2079 
38.9191 11.2719 
38.9822 11.3362 
39.0450 11.4007 
39.1075 11.4656 
39.1697 11.5307 
39.2316 11.5961 
39.2932 11.6618 
39.3545 11.7278 
39.4155 11.7941 
39.4761 11.8606 
39.5365 11.9274 
39.5966 11.9945 
39.6563 12.0619 
39.7158 12.1295 
39.7749 12.1975 
39.8337 12.2657 
39.8922 12.3341 
39.9504 12.4029 
40.0083 12.4719 
40.0658 12.5411 
40.1231 12.6107 
40.1800 12.6805 
40.2366 12.7505 
40.2928 12.8208 
40.3488 12.8914 
40.4044 12.9622 
40.4597 13.0333 
40.5146 13.1047 
40.5693 13.1763 
40.6236 13.2481 
40.6775 13.3202 
40.7312 13.3925 
40.7845 13.4651 
40.8374 13.5380 
40.8901 13.6110 
40.9424 13.6844 
40.9943 13.7579 
41.0459 13.8317 
41.0972 13.9057 
41.1481 13.9800 
41.1987 14.0545 
41.2490 14.1292 
41.2989 14.2042 
41.3484 14.2794 
41.3976 14.3548 
41.4465 14.4305 
41.4950 14.5063 
41.5432 14.5824 
41.5910 14.6588 
41.6385 14.7353 
41.6856 14.8120 
41.7323 14.8890 
41.7787 14.9662 
41.8248 15.0436 
41.8704 15.1212 
41.9158 15.1990 
41.9607 15.2770 
42.0053 15.3553 
42.0496 15.4337 
42.0935 15.5123 
42.1370 15.5912 
42.1802 15.6702 
42.2230 15.7495 
42.2654 15.8289 
42.3074 15.9085 
42.3491 15.9884 
42.3905 16.0684 
42.4314 16.1486 
42.4720 16.2290 
42.5122 16.3095 
42.5521 16.3903 
42.5916 16.4712 
42.6307 16.5524 
42.6694 16.6337 
42.7077 16.7151 
42.7457 16.7968 
42.7833 16.8786 
42.8205 16.9606 
42.8574 17.0428 
42.8938 17.1252 
42.9299 17.2077 
42.9656 17.2903 
43.0009 17.3732 
43.0359 17.4562 
43.0704 17.5393 
43.1046 17.6227 
43.1384 17.7061 
43.1718 17.7898 
43.2048 17.8736 
43.2375 17.9575 
43.2697 18.0416 
43.3016 18.1258 
43.3331 18.2102 
43.3641 18.2947 
43.3948 18.3794 
43.4251 18.4642 
43.4550 18.5491 
43.4846 18.6342 
43.5137 18.7194 
43.5424 18.8048 
43.5708 18.8902 
43.5987 18.9758 
43.6263 19.0616 
43.6534 19.1475 
43.6802 19.2334 
43.7065 19.3195 
43.7325 19.4058 
43.7581 19.4921 
43.7833 19.5786 
43.8080 19.6652 
43.8324 19.7519 
43.8564 19.8387 
43.8800 19.9256 
43.9031 20.0126 
43.9259 20.0997 
43.9483 20.1870 
43.9702 20.2743 
43.9918 20.3617 
44.0130 20.4493 
44.0337 20.5369 
44.0541 20.6246 
44.0741 20.7125 
44.0936 20.8004 
44.1127 20.8884 
44.1315 20.9764 
44.1498 21.0646 
44.1677 21.1529 
44.1853 21.2412 
44.2024 21.3296 
44.2191 21.4181 
44.2354 21.5067 
44.2513 21.5953 
44.2667 21.6840 
44.2818 21.7728 
44.2965 21.8617 
44.3107 21.9506 
44.3246 22.0396 
44.3380 22.1286 
44.3510 22.2177 
44.3636 22.3069 
44.3758 22.3961 
44.3876 22.4854 
44.3990 22.5748 
44.4100 22.6641 
44.4205 22.7536 
44.4306 22.8431 
44.4404 22.9326 
44.4497 23.0222 
44.4586 23.1118 
44.4671 23.2014 
44.4752 23.2911 
44.4828 23.3809 
44.4901 23.4706 
44.4969 23.5604 
44.5033 23.6502 
44.5094 23.7401 
44.5150 23.8300 
44.5201 23.9199 
44.5249 24.0098 
44.5293 24.0998 
44.5332 24.1897 
44.5367 24.2797 
44.5398 24.3697 
44.5425 24.4597 
44.5448 24.5498 
44.5467 24.6398 
44.5481 24.7298 
44.5492 24.8199 
44.5498 24.9099 
