25
38.8410 27.5054 0.0000 bc 
36.5840 29.1294 0.0000 peri
33.9903 30.2031 0.0000 peri
31.2523 30.9084 0.0000 peri
28.5006 31.3205 0.0000 peri
25.6962 31.4930 0.0000 peri
22.8867 31.4352 0.0000 peri
20.0805 31.1405 0.0000 peri
17.3164 30.5825 0.0000 peri
14.6588 29.7084 0.0000 peri
12.1830 28.3768 0.0000 bc 
10.3226 26.3409 0.0000 bc
10.3446 23.6147 0.0000 bc
12.2272 21.5919 0.0000 bc
14.7040 20.2731 0.0000 pouch
17.3538 19.4079 0.0000 pouch
20.1088 18.8553 0.0000 pouch
22.9086 18.5635 0.0000 pouch
25.7168 18.5074 0.0000 pouch
28.5252 18.6821 0.0000 pouch
31.2849 19.0981 0.0000 pouch
34.0321 19.8105 0.0000 pouch
36.6304 20.8951 0.0000 bc 
38.8777 22.5330 0.0000 bc
40.0000 25.0000 0.0000 bc
