2067
62.0497 25.0797 
62.0488 25.1595 
62.0472 25.2392 
62.0451 25.3189 
62.0423 25.3986 
62.0389 25.4783 
62.0349 25.5580 
62.0303 25.6377 
62.0251 25.7173 
62.0192 25.7970 
62.0127 25.8766 
62.0057 25.9562 
61.9980 26.0357 
61.9897 26.1152 
61.9808 26.1947 
61.9712 26.2742 
61.9611 26.3536 
61.9503 26.4330 
61.9390 26.5123 
61.9270 26.5916 
61.9144 26.6709 
61.9013 26.7501 
61.8875 26.8292 
61.8731 26.9083 
61.8581 26.9874 
61.8425 27.0663 
61.8263 27.1453 
61.8095 27.2241 
61.7920 27.3029 
61.7740 27.3817 
61.7554 27.4604 
61.7362 27.5390 
61.7164 27.6175 
61.6960 27.6959 
61.6750 27.7743 
61.6535 27.8526 
61.6313 27.9308 
61.6085 28.0090 
61.5852 28.0870 
61.5613 28.1650 
61.5367 28.2429 
61.5116 28.3206 
61.4860 28.3983 
61.4597 28.4759 
61.4329 28.5534 
61.4054 28.6308 
61.3774 28.7081 
61.3489 28.7853 
61.3197 28.8624 
61.2900 28.9394 
61.2598 29.0162 
61.2289 29.0930 
61.1975 29.1697 
61.1655 29.2462 
61.1330 29.3226 
61.0999 29.3989 
61.0663 29.4751 
61.0321 29.5511 
60.9973 29.6270 
60.9620 29.7028 
60.9262 29.7785 
60.8898 29.8541 
60.8529 29.9295 
60.8154 30.0047 
60.7774 30.0799 
60.7388 30.1549 
60.6998 30.2297 
60.6601 30.3045 
60.6200 30.3790 
60.5793 30.4535 
60.5381 30.5278 
60.4964 30.6019 
60.4542 30.6759 
60.4114 30.7497 
60.3681 30.8234 
60.3243 30.8970 
60.2801 30.9703 
60.2352 31.0435 
60.1899 31.1166 
60.1441 31.1895 
60.0978 31.2622 
60.0510 31.3348 
60.0037 31.4072 
59.9559 31.4794 
59.9077 31.5515 
59.8589 31.6234 
59.8096 31.6951 
59.7599 31.7667 
59.7097 31.8381 
59.6590 31.9093 
59.6079 31.9803 
59.5563 32.0511 
59.5042 32.1218 
59.4516 32.1923 
59.3986 32.2626 
59.3451 32.3327 
59.2912 32.4027 
59.2368 32.4724 
59.1820 32.5420 
59.1268 32.6113 
59.0710 32.6805 
59.0149 32.7495 
58.9583 32.8183 
58.9013 32.8869 
58.8438 32.9553 
58.7859 33.0235 
58.7276 33.0915 
58.6689 33.1593 
58.6098 33.2269 
58.5502 33.2944 
58.4902 33.3616 
58.4298 33.4286 
58.3691 33.4954 
58.3079 33.5620 
58.2463 33.6284 
58.1843 33.6946 
58.1219 33.7605 
58.0591 33.8263 
57.9960 33.8919 
57.9324 33.9572 
57.8685 34.0224 
57.8042 34.0873 
57.7395 34.1520 
57.6745 34.2165 
57.6091 34.2808 
57.5433 34.3449 
57.4771 34.4087 
57.4106 34.4723 
57.3438 34.5358 
57.2766 34.5990 
57.2090 34.6619 
57.1411 34.7247 
57.0728 34.7872 
57.0042 34.8496 
56.9353 34.9117 
56.8660 34.9735 
56.7965 35.0352 
56.7265 35.0966 
56.6563 35.1578 
56.5857 35.2188 
56.5149 35.2795 
56.4437 35.3401 
56.3722 35.4004 
56.3003 35.4604 
56.2282 35.5203 
56.1558 35.5799 
56.0831 35.6393 
56.0101 35.6985 
55.9368 35.7574 
55.8632 35.8161 
55.7893 35.8745 
55.7151 35.9328 
55.6407 35.9908 
55.5660 36.0486 
55.4910 36.1061 
55.4157 36.1634 
55.3402 36.2205 
55.2644 36.2774 
55.1883 36.3340 
55.1120 36.3904 
55.0354 36.4465 
54.9586 36.5024 
54.8815 36.5581 
54.8042 36.6136 
54.7267 36.6688 
54.6489 36.7238 
54.5708 36.7785 
54.4926 36.8330 
54.4141 36.8873 
54.3353 36.9413 
54.2564 36.9952 
54.1772 37.0487 
54.0978 37.1021 
54.0182 37.1552 
53.9384 37.2080 
53.8584 37.2607 
53.7781 37.3131 
53.6977 37.3652 
53.6170 37.4172 
53.5362 37.4689 
53.4552 37.5203 
53.3739 37.5715 
53.2925 37.6225 
53.2109 37.6733 
53.1291 37.7238 
53.0471 37.7741 
52.9650 37.8241 
52.8827 37.8739 
52.8002 37.9235 
52.7175 37.9729 
52.6347 38.0220 
52.5517 38.0709 
52.4685 38.1195 
52.3852 38.1679 
52.3017 38.2161 
52.2181 38.2640 
52.1343 38.3118 
52.0503 38.3592 
51.9663 38.4065 
51.8820 38.4535 
51.7977 38.5003 
51.7132 38.5468 
51.6285 38.5931 
51.5437 38.6392 
51.4588 38.6851 
51.3738 38.7307 
51.2886 38.7761 
51.2034 38.8213 
51.1180 38.8662 
51.0324 38.9109 
50.9468 38.9554 
50.8610 38.9996 
50.7752 39.0437 
50.6892 39.0875 
50.6031 39.1310 
50.5169 39.1744 
50.4306 39.2175 
50.3443 39.2604 
50.2578 39.3030 
50.1712 39.3454 
50.0845 39.3877 
49.9978 39.4296 
49.9109 39.4714 
49.8240 39.5129 
49.7369 39.5543 
49.6498 39.5953 
49.5626 39.6362 
49.4754 39.6769 
49.3880 39.7173 
49.3006 39.7575 
49.2131 39.7975 
49.1256 39.8372 
49.0380 39.8768 
48.9503 39.9161 
48.8625 39.9552 
48.7747 39.9941 
48.6869 40.0328 
48.5989 40.0712 
48.5109 40.1095 
48.4229 40.1475 
48.3348 40.1853 
48.2467 40.2229 
48.1585 40.2603 
48.0702 40.2974 
47.9820 40.3344 
47.8936 40.3711 
47.8053 40.4077 
47.7169 40.4440 
47.6284 40.4801 
47.5400 40.5160 
47.4514 40.5517 
47.3629 40.5872 
47.2743 40.6224 
47.1857 40.6575 
47.0971 40.6924 
47.0084 40.7270 
46.9198 40.7614 
46.8311 40.7957 
46.7423 40.8297 
46.6536 40.8636 
46.5648 40.8972 
46.4761 40.9306 
46.3873 40.9638 
46.2985 40.9969 
46.2096 41.0297 
46.1208 41.0623 
46.0320 41.0947 
45.9431 41.1270 
45.8543 41.1590 
45.7654 41.1908 
45.6766 41.2224 
45.5877 41.2539 
45.4989 41.2851 
45.4100 41.3162 
45.3211 41.3470 
45.2323 41.3777 
45.1434 41.4081 
45.0546 41.4384 
44.9657 41.4685 
44.8769 41.4984 
44.7881 41.5281 
44.6993 41.5576 
44.6105 41.5869 
44.5217 41.6161 
44.4329 41.6450 
44.3441 41.6738 
44.2554 41.7024 
44.1667 41.7307 
44.0780 41.7590 
43.9893 41.7870 
43.9006 41.8148 
43.8119 41.8425 
43.7233 41.8699 
43.6347 41.8972 
43.5461 41.9244 
43.4576 41.9513 
43.3690 41.9780 
43.2805 42.0046 
43.1921 42.0310 
43.1036 42.0572 
43.0152 42.0833 
42.9268 42.1091 
42.8385 42.1348 
42.7501 42.1604 
42.6619 42.1857 
42.5736 42.2109 
42.4854 42.2359 
42.3972 42.2607 
42.3090 42.2854 
42.2209 42.3099 
42.1328 42.3342 
42.0448 42.3583 
41.9568 42.3823 
41.8688 42.4061 
41.7809 42.4298 
41.6930 42.4532 
41.6052 42.4766 
41.5174 42.4997 
41.4297 42.5227 
41.3419 42.5455 
41.2543 42.5682 
41.1667 42.5907 
41.0791 42.6130 
40.9916 42.6352 
40.9041 42.6572 
40.8166 42.6790 
40.7292 42.7007 
40.6419 42.7223 
40.5546 42.7437 
40.4674 42.7649 
40.3802 42.7859 
40.2930 42.8069 
40.2059 42.8276 
40.1189 42.8482 
40.0319 42.8687 
39.9449 42.8890 
39.8580 42.9091 
39.7712 42.9291 
39.6844 42.9489 
39.5976 42.9686 
39.5110 42.9882 
39.4243 43.0075 
39.3378 43.0268 
39.2512 43.0459 
39.1648 43.0648 
39.0783 43.0836 
38.9920 43.1023 
38.9057 43.1208 
38.8194 43.1392 
38.7332 43.1574 
38.6471 43.1754 
38.5610 43.1934 
38.4750 43.2112 
38.3890 43.2288 
38.3031 43.2463 
38.2172 43.2637 
38.1314 43.2809 
38.0457 43.2980 
37.9600 43.3149 
37.8743 43.3317 
37.7888 43.3484 
37.7033 43.3650 
37.6178 43.3813 
37.5324 43.3976 
37.4470 43.4137 
37.3618 43.4297 
37.2765 43.4456 
37.1914 43.4613 
37.1062 43.4769 
37.0212 43.4923 
36.9362 43.5077 
36.8512 43.5229 
36.7664 43.5379 
36.6815 43.5529 
36.5968 43.5677 
36.5121 43.5823 
36.4274 43.5969 
36.3428 43.6113 
36.2583 43.6256 
36.1738 43.6397 
36.0894 43.6538 
36.0050 43.6677 
35.9207 43.6814 
35.8365 43.6951 
35.7523 43.7086 
35.6681 43.7220 
35.5841 43.7353 
35.5000 43.7485 
35.4161 43.7615 
35.3322 43.7744 
35.2483 43.7872 
35.1645 43.7999 
35.0808 43.8124 
34.9971 43.8249 
34.9135 43.8372 
34.8299 43.8494 
34.7464 43.8614 
34.6629 43.8734 
34.5795 43.8852 
34.4962 43.8969 
34.4129 43.9085 
34.3296 43.9200 
34.2464 43.9314 
34.1633 43.9426 
34.0802 43.9538 
33.9972 43.9648 
33.9142 43.9757 
33.8313 43.9865 
33.7484 43.9972 
33.6656 44.0077 
33.5829 44.0182 
33.5001 44.0285 
33.4175 44.0388 
33.3349 44.0489 
33.2523 44.0589 
33.1698 44.0688 
33.0874 44.0786 
33.0049 44.0882 
32.9226 44.0978 
32.8403 44.1073 
32.7580 44.1166 
32.6758 44.1258 
32.5936 44.1350 
32.5115 44.1440 
32.4295 44.1529 
32.3474 44.1617 
32.2655 44.1704 
32.1835 44.1790 
32.1017 44.1875 
32.0198 44.1959 
31.9380 44.2042 
31.8563 44.2123 
31.7746 44.2204 
31.6929 44.2284 
31.6113 44.2362 
31.5297 44.2440 
31.4482 44.2516 
31.3667 44.2592 
31.2853 44.2666 
31.2039 44.2740 
31.1225 44.2812 
31.0412 44.2884 
30.9599 44.2954 
30.8787 44.3023 
30.7975 44.3092 
30.7163 44.3159 
30.6352 44.3225 
30.5541 44.3291 
30.4731 44.3355 
30.3921 44.3419 
30.3111 44.3481 
30.2301 44.3542 
30.1492 44.3603 
30.0684 44.3662 
29.9875 44.3721 
29.9067 44.3778 
29.8260 44.3834 
29.7452 44.3890 
29.6645 44.3944 
29.5839 44.3998 
29.5032 44.4051 
29.4226 44.4102 
29.3421 44.4153 
29.2615 44.4202 
29.1810 44.4251 
29.1005 44.4299 
29.0201 44.4346 
28.9396 44.4392 
28.8592 44.4437 
28.7789 44.4480 
28.6985 44.4523 
28.6182 44.4566 
28.5379 44.4607 
28.4576 44.4647 
28.3774 44.4686 
28.2971 44.4724 
28.2169 44.4762 
28.1368 44.4798 
28.0566 44.4834 
27.9765 44.4868 
27.8964 44.4902 
27.8163 44.4934 
27.7362 44.4966 
27.6561 44.4997 
27.5761 44.5027 
27.4961 44.5056 
27.4161 44.5084 
27.3361 44.5111 
27.2561 44.5137 
27.1762 44.5162 
27.0963 44.5187 
27.0163 44.5210 
26.9364 44.5233 
26.8565 44.5254 
26.7767 44.5275 
26.6968 44.5295 
26.6170 44.5314 
26.5371 44.5332 
26.4573 44.5349 
26.3775 44.5365 
26.2976 44.5380 
26.2178 44.5394 
26.1380 44.5408 
26.0583 44.5420 
25.9785 44.5432 
25.8987 44.5442 
25.8189 44.5452 
25.7392 44.5461 
25.6594 44.5469 
25.5797 44.5476 
25.4999 44.5482 
25.4202 44.5487 
25.3404 44.5492 
25.2607 44.5495 
25.1810 44.5498 
25.1012 44.5499 
25.0215 44.5500 
24.9418 44.5500 
24.8620 44.5499 
24.7823 44.5497 
24.7025 44.5494 
24.6228 44.5490 
24.5430 44.5485 
24.4633 44.5479 
24.3835 44.5473 
24.3038 44.5465 
24.2240 44.5457 
24.1442 44.5448 
24.0645 44.5438 
23.9847 44.5427 
23.9049 44.5415 
23.8251 44.5402 
23.7453 44.5388 
23.6654 44.5373 
23.5856 44.5357 
23.5058 44.5341 
23.4259 44.5323 
23.3460 44.5305 
23.2662 44.5286 
23.1863 44.5266 
23.1064 44.5244 
23.0264 44.5222 
22.9465 44.5199 
22.8666 44.5176 
22.7866 44.5151 
22.7066 44.5125 
22.6266 44.5098 
22.5466 44.5071 
22.4665 44.5042 
22.3865 44.5013 
22.3064 44.4983 
22.2263 44.4951 
22.1462 44.4919 
22.0661 44.4886 
21.9859 44.4852 
21.9057 44.4817 
21.8255 44.4781 
21.7453 44.4744 
21.6651 44.4706 
21.5848 44.4668 
21.5045 44.4628 
21.4241 44.4587 
21.3438 44.4546 
21.2634 44.4503 
21.1830 44.4460 
21.1026 44.4415 
21.0221 44.4370 
20.9416 44.4324 
20.8611 44.4276 
20.7806 44.4228 
20.7000 44.4179 
20.6194 44.4129 
20.5387 44.4078 
20.4581 44.4025 
20.3774 44.3972 
20.2966 44.3918 
20.2158 44.3863 
20.1350 44.3807 
20.0542 44.3750 
19.9733 44.3692 
19.8924 44.3633 
19.8115 44.3573 
19.7305 44.3513 
19.6495 44.3451 
19.5684 44.3388 
19.4873 44.3324 
19.4062 44.3259 
19.3250 44.3193 
19.2438 44.3126 
19.1626 44.3058 
19.0813 44.2989 
18.9999 44.2919 
18.9186 44.2848 
18.8372 44.2776 
18.7557 44.2703 
18.6742 44.2629 
18.5927 44.2554 
18.5111 44.2478 
18.4295 44.2401 
18.3478 44.2323 
18.2661 44.2244 
18.1843 44.2164 
18.1025 44.2082 
18.0207 44.2000 
17.9388 44.1917 
17.8568 44.1832 
17.7749 44.1747 
17.6928 44.1660 
17.6107 44.1572 
17.5286 44.1484 
17.4464 44.1394 
17.3642 44.1303 
17.2819 44.1211 
17.1996 44.1118 
17.1172 44.1024 
17.0348 44.0929 
16.9523 44.0832 
16.8698 44.0735 
16.7872 44.0636 
16.7046 44.0537 
16.6219 44.0436 
16.5392 44.0334 
16.4564 44.0231 
16.3736 44.0127 
16.2907 44.0022 
16.2077 43.9915 
16.1247 43.9808 
16.0417 43.9699 
15.9586 43.9589 
15.8754 43.9478 
15.7922 43.9366 
15.7089 43.9253 
15.6256 43.9139 
15.5422 43.9023 
15.4588 43.8906 
15.3753 43.8788 
15.2918 43.8669 
15.2082 43.8549 
15.1245 43.8427 
15.0408 43.8305 
14.9570 43.8181 
14.8732 43.8056 
14.7893 43.7929 
14.7054 43.7802 
14.6214 43.7673 
14.5374 43.7543 
14.4532 43.7412 
14.3691 43.7279 
14.2848 43.7146 
14.2006 43.7011 
14.1162 43.6874 
14.0318 43.6737 
13.9474 43.6598 
13.8628 43.6458 
13.7783 43.6317 
13.6936 43.6175 
13.6089 43.6031 
13.5242 43.5886 
13.4394 43.5739 
13.3545 43.5592 
13.2696 43.5443 
13.1846 43.5292 
13.0996 43.5141 
13.0144 43.4988 
12.9293 43.4834 
12.8441 43.4678 
12.7588 43.4521 
12.6734 43.4363 
12.5881 43.4203 
12.5026 43.4042 
12.4171 43.3880 
12.3315 43.3716 
12.2459 43.3551 
12.1602 43.3385 
12.0745 43.3217 
11.9887 43.3048 
11.9028 43.2877 
11.8169 43.2705 
11.7309 43.2532 
11.6449 43.2357 
11.5588 43.2181 
11.4726 43.2003 
11.3864 43.1824 
11.3002 43.1644 
11.2138 43.1462 
11.1275 43.1279 
11.0410 43.1094 
10.9546 43.0907 
10.8680 43.0720 
10.7814 43.0531 
10.6948 43.0340 
10.6081 43.0148 
10.5213 42.9954 
10.4345 42.9759 
10.3476 42.9562 
10.2607 42.9364 
10.1737 42.9164 
10.0867 42.8963 
9.9996 42.8760 
9.9125 42.8556 
9.8253 42.8350 
9.7381 42.8143 
9.6508 42.7934 
9.5635 42.7723 
9.4761 42.7511 
9.3887 42.7298 
9.3012 42.7083 
9.2136 42.6866 
9.1261 42.6647 
9.0384 42.6427 
8.9508 42.6206 
8.8630 42.5983 
8.7753 42.5758 
8.6875 42.5531 
8.5996 42.5303 
8.5117 42.5074 
8.4238 42.4842 
8.3358 42.4609 
8.2478 42.4374 
8.1597 42.4138 
8.0716 42.3900 
7.9835 42.3660 
7.8953 42.3419 
7.8070 42.3176 
7.7188 42.2931 
7.6305 42.2685 
7.5421 42.2436 
7.4538 42.2186 
7.3653 42.1935 
7.2769 42.1681 
7.1884 42.1426 
7.0999 42.1169 
7.0114 42.0911 
6.9228 42.0650 
6.8342 42.0388 
6.7456 42.0124 
6.6569 41.9859 
6.5682 41.9591 
6.4795 41.9322 
6.3908 41.9051 
6.3020 41.8778 
6.2132 41.8503 
6.1244 41.8226 
6.0356 41.7948 
5.9467 41.7668 
5.8578 41.7386 
5.7689 41.7102 
5.6800 41.6816 
5.5911 41.6528 
5.5022 41.6239 
5.4132 41.5947 
5.3243 41.5654 
5.2353 41.5359 
5.1463 41.5062 
5.0573 41.4763 
4.9683 41.4462 
4.8793 41.4159 
4.7902 41.3854 
4.7012 41.3547 
4.6122 41.3239 
4.5231 41.2928 
4.4341 41.2616 
4.3451 41.2301 
4.2561 41.1985 
4.1670 41.1666 
4.0780 41.1346 
3.9890 41.1024 
3.9000 41.0699 
3.8110 41.0373 
3.7220 41.0044 
3.6330 40.9714 
3.5440 40.9381 
3.4551 40.9047 
3.3662 40.8711 
3.2772 40.8372 
3.1883 40.8031 
3.0995 40.7689 
3.0106 40.7344 
2.9218 40.6997 
2.8330 40.6649 
2.7442 40.6298 
2.6554 40.5945 
2.5667 40.5590 
2.4780 40.5233 
2.3894 40.4873 
2.3008 40.4512 
2.2122 40.4149 
2.1236 40.3783 
2.0351 40.3415 
1.9467 40.3045 
1.8583 40.2673 
1.7699 40.2299 
1.6816 40.1923 
1.5933 40.1545 
1.5051 40.1164 
1.4169 40.0781 
1.3288 40.0396 
1.2408 40.0009 
1.1528 39.9620 
1.0648 39.9229 
0.9770 39.8835 
0.8892 39.8439 
0.8015 39.8041 
0.7138 39.7641 
0.6262 39.7239 
0.5387 39.6834 
0.4512 39.6427 
0.3639 39.6018 
0.2766 39.5607 
0.1894 39.5193 
0.1023 39.4777 
0.0152 39.4359 
-0.0717 39.3939 
-0.1585 39.3516 
-0.2453 39.3091 
-0.3320 39.2664 
-0.4185 39.2235 
-0.5050 39.1803 
-0.5913 39.1370 
-0.6776 39.0933 
-0.7638 39.0495 
-0.8498 39.0054 
-0.9357 38.9611 
-1.0215 38.9166 
-1.1072 38.8718 
-1.1928 38.8268 
-1.2783 38.7816 
-1.3636 38.7362 
-1.4488 38.6905 
-1.5339 38.6446 
-1.6188 38.5984 
-1.7036 38.5521 
-1.7883 38.5054 
-1.8728 38.4586 
-1.9572 38.4115 
-2.0415 38.3642 
-2.1256 38.3167 
-2.2095 38.2689 
-2.2933 38.2209 
-2.3770 38.1727 
-2.4605 38.1242 
-2.5438 38.0755 
-2.6270 38.0265 
-2.7100 37.9774 
-2.7928 37.9279 
-2.8754 37.8783 
-2.9579 37.8284 
-3.0402 37.7783 
-3.1224 37.7279 
-3.2043 37.6774 
-3.2861 37.6265 
-3.3677 37.5755 
-3.4490 37.5242 
-3.5302 37.4727 
-3.6112 37.4209 
-3.6920 37.3689 
-3.7726 37.3167 
-3.8530 37.2642 
-3.9332 37.2115 
-4.0132 37.1585 
-4.0929 37.1054 
-4.1724 37.0519 
-4.2518 36.9983 
-4.3309 36.9444 
-4.4097 36.8903 
-4.4884 36.8359 
-4.5668 36.7813 
-4.6450 36.7265 
-4.7229 36.6715 
-4.8006 36.6162 
-4.8780 36.5606 
-4.9553 36.5049 
-5.0322 36.4489 
-5.1089 36.3926 
-5.1854 36.3362 
-5.2615 36.2795 
-5.3375 36.2225 
-5.4131 36.1654 
-5.4885 36.1080 
-5.5636 36.0504 
-5.6385 35.9925 
-5.7131 35.9344 
-5.7873 35.8761 
-5.8613 35.8175 
-5.9351 35.7587 
-6.0085 35.6997 
-6.0816 35.6405 
-6.1545 35.5810 
-6.2270 35.5213 
-6.2992 35.4614 
-6.3711 35.4012 
-6.4428 35.3408 
-6.5141 35.2802 
-6.5851 35.2194 
-6.6557 35.1583 
-6.7261 35.0970 
-6.7961 35.0355 
-6.8658 34.9738 
-6.9351 34.9118 
-7.0042 34.8496 
-7.0729 34.7872 
-7.1412 34.7246 
-7.2092 34.6617 
-7.2769 34.5987 
-7.3442 34.5354 
-7.4111 34.4719 
-7.4777 34.4082 
-7.5439 34.3442 
-7.6098 34.2801 
-7.6753 34.2157 
-7.7404 34.1511 
-7.8052 34.0863 
-7.8696 34.0213 
-7.9336 33.9560 
-7.9972 33.8906 
-8.0604 33.8250 
-8.1233 33.7591 
-8.1857 33.6930 
-8.2478 33.6268 
-8.3095 33.5603 
-8.3707 33.4936 
-8.4316 33.4267 
-8.4920 33.3596 
-8.5520 33.2923 
-8.6117 33.2248 
-8.6709 33.1571 
-8.7296 33.0892 
-8.7880 33.0211 
-8.8459 32.9528 
-8.9034 32.8843 
-8.9605 32.8156 
-9.0171 32.7467 
-9.0733 32.6777 
-9.1291 32.6084 
-9.1844 32.5389 
-9.2393 32.4693 
-9.2937 32.3995 
-9.3476 32.3294 
-9.4012 32.2592 
-9.4542 32.1889 
-9.5068 32.1183 
-9.5589 32.0475 
-9.6106 31.9766 
-9.6617 31.9055 
-9.7124 31.8342 
-9.7627 31.7628 
-9.8124 31.6911 
-9.8617 31.6193 
-9.9105 31.5473 
-9.9588 31.4752 
-10.0066 31.4029 
-10.0539 31.3304 
-10.1007 31.2577 
-10.1470 31.1849 
-10.1928 31.1120 
-10.2382 31.0388 
-10.2830 30.9655 
-10.3273 30.8921 
-10.3711 30.8185 
-10.4143 30.7447 
-10.4571 30.6708 
-10.4993 30.5967 
-10.5410 30.5225 
-10.5822 30.4482 
-10.6229 30.3737 
-10.6630 30.2990 
-10.7027 30.2242 
-10.7417 30.1493 
-10.7803 30.0742 
-10.8183 29.9990 
-10.8557 29.9237 
-10.8927 29.8482 
-10.9290 29.7726 
-10.9649 29.6969 
-11.0001 29.6210 
-11.0349 29.5450 
-11.0690 29.4689 
-11.1027 29.3927 
-11.1357 29.3163 
-11.1682 29.2398 
-11.2002 29.1633 
-11.2315 29.0865 
-11.2623 29.0097 
-11.2926 28.9328 
-11.3223 28.8558 
-11.3514 28.7786 
-11.3799 28.7014 
-11.4079 28.6240 
-11.4352 28.5466 
-11.4620 28.4690 
-11.4883 28.3914 
-11.5139 28.3137 
-11.5390 28.2358 
-11.5635 28.1579 
-11.5873 28.0799 
-11.6106 28.0018 
-11.6334 27.9236 
-11.6555 27.8454 
-11.6770 27.7670 
-11.6980 27.6886 
-11.7183 27.6101 
-11.7381 27.5316 
-11.7572 27.4529 
-11.7758 27.3742 
-11.7937 27.2954 
-11.8111 27.2166 
-11.8278 27.1377 
-11.8440 27.0587 
-11.8595 26.9797 
-11.8745 26.9007 
-11.8888 26.8215 
-11.9026 26.7424 
-11.9157 26.6631 
-11.9282 26.5839 
-11.9401 26.5045 
-11.9514 26.4252 
-11.9621 26.3458 
-11.9722 26.2663 
-11.9817 26.1869 
-11.9905 26.1074 
-11.9988 26.0278 
-12.0064 25.9482 
-12.0134 25.8687 
-12.0198 25.7890 
-12.0256 25.7094 
-12.0308 25.6297 
-12.0353 25.5501 
-12.0393 25.4704 
-12.0426 25.3907 
-12.0453 25.3109 
-12.0474 25.2312 
-12.0489 25.1515 
-12.0498 25.0717 
-12.0500 24.9920 
-12.0496 24.9123 
-12.0486 24.8325 
-12.0470 24.7528 
-12.0448 24.6731 
-12.0420 24.5934 
-12.0385 24.5137 
-12.0345 24.4340 
-12.0298 24.3543 
-12.0245 24.2747 
-12.0186 24.1951 
-12.0121 24.1154 
-12.0049 24.0359 
-11.9972 23.9563 
-11.9888 23.8768 
-11.9798 23.7973 
-11.9702 23.7179 
-11.9600 23.6384 
-11.9492 23.5591 
-11.9378 23.4797 
-11.9258 23.4004 
-11.9131 23.3212 
-11.8999 23.2420 
-11.8860 23.1629 
-11.8716 23.0838 
-11.8565 23.0047 
-11.8409 22.9257 
-11.8246 22.8468 
-11.8077 22.7680 
-11.7903 22.6892 
-11.7722 22.6104 
-11.7535 22.5318 
-11.7343 22.4532 
-11.7144 22.3747 
-11.6940 22.2962 
-11.6729 22.2178 
-11.6513 22.1395 
-11.6290 22.0613 
-11.6062 21.9832 
-11.5828 21.9052 
-11.5588 21.8272 
-11.5343 21.7494 
-11.5091 21.6716 
-11.4834 21.5939 
-11.4570 21.5163 
-11.4301 21.4388 
-11.4027 21.3614 
-11.3746 21.2841 
-11.3460 21.2070 
-11.3168 21.1299 
-11.2870 21.0529 
-11.2567 20.9761 
-11.2258 20.8993 
-11.1943 20.8227 
-11.1623 20.7462 
-11.1297 20.6698 
-11.0966 20.5935 
-11.0629 20.5173 
-11.0286 20.4413 
-10.9938 20.3654 
-10.9585 20.2896 
-10.9226 20.2139 
-10.8861 20.1384 
-10.8491 20.0630 
-10.8116 19.9877 
-10.7736 19.9126 
-10.7349 19.8376 
-10.6958 19.7628 
-10.6561 19.6881 
-10.6159 19.6135 
-10.5752 19.5391 
-10.5340 19.4648 
-10.4922 19.3907 
-10.4499 19.3167 
-10.4071 19.2429 
-10.3638 19.1692 
-10.3199 19.0957 
-10.2756 19.0223 
-10.2307 18.9491 
-10.1854 18.8761 
-10.1395 18.8032 
-10.0932 18.7305 
-10.0463 18.6579 
-9.9990 18.5855 
-9.9511 18.5133 
-9.9028 18.4413 
-9.8540 18.3694 
-9.8047 18.2977 
-9.7549 18.2261 
-9.7047 18.1548 
-9.6539 18.0836 
-9.6027 18.0126 
-9.5511 17.9418 
-9.4989 17.8711 
-9.4463 17.8006 
-9.3933 17.7304 
-9.3398 17.6603 
-9.2858 17.5903 
-9.2314 17.5206 
-9.1765 17.4511 
-9.1212 17.3817 
-9.0654 17.3126 
-9.0092 17.2436 
-8.9526 17.1748 
-8.8955 17.1062 
-8.8380 17.0379 
-8.7801 16.9697 
-8.7218 16.9017 
-8.6630 16.8339 
-8.6038 16.7663 
-8.5442 16.6989 
-8.4842 16.6317 
-8.4238 16.5647 
-8.3629 16.4979 
-8.3017 16.4314 
-8.2401 16.3650 
-8.1781 16.2988 
-8.1156 16.2329 
-8.0528 16.1671 
-7.9896 16.1016 
-7.9260 16.0362 
-7.8621 15.9711 
-7.7977 15.9062 
-7.7330 15.8415 
-7.6679 15.7770 
-7.6025 15.7128 
-7.5367 15.6487 
-7.4705 15.5849 
-7.4039 15.5213 
-7.3370 15.4579 
-7.2698 15.3947 
-7.2022 15.3318 
-7.1343 15.2690 
-7.0660 15.2065 
-6.9973 15.1442 
-6.9284 15.0821 
-6.8591 15.0203 
-6.7895 14.9586 
-6.7195 14.8972 
-6.6492 14.8361 
-6.5786 14.7751 
-6.5077 14.7144 
-6.4365 14.6539 
-6.3650 14.5936 
-6.2931 14.5336 
-6.2210 14.4737 
-6.1485 14.4141 
-6.0758 14.3548 
-6.0027 14.2956 
-5.9294 14.2367 
-5.8558 14.1781 
-5.7819 14.1196 
-5.7077 14.0614 
-5.6332 14.0034 
-5.5584 13.9456 
-5.4834 13.8881 
-5.4081 13.8308 
-5.3326 13.7738 
-5.2568 13.7170 
-5.1807 13.6604 
-5.1043 13.6040 
-5.0277 13.5479 
-4.9509 13.4920 
-4.8738 13.4363 
-4.7965 13.3809 
-4.7189 13.3257 
-4.6411 13.2707 
-4.5630 13.2160 
-4.4847 13.1615 
-4.4062 13.1073 
-4.3274 13.0533 
-4.2485 12.9995 
-4.1693 12.9459 
-4.0898 12.8926 
-4.0102 12.8395 
-3.9304 12.7867 
-3.8503 12.7341 
-3.7701 12.6817 
-3.6896 12.6296 
-3.6089 12.5776 
-3.5281 12.5260 
-3.4470 12.4745 
-3.3658 12.4233 
-3.2843 12.3724 
-3.2027 12.3216 
-3.1209 12.2712 
-3.0389 12.2209 
-2.9567 12.1709 
-2.8744 12.1211 
-2.7919 12.0715 
-2.7092 12.0222 
-2.6264 11.9731 
-2.5433 11.9243 
-2.4602 11.8756 
-2.3768 11.8272 
-2.2933 11.7791 
-2.2097 11.7312 
-2.1259 11.6835 
-2.0419 11.6360 
-1.9578 11.5888 
-1.8736 11.5418 
-1.7892 11.4951 
-1.7047 11.4485 
-1.6200 11.4022 
-1.5352 11.3562 
-1.4503 11.3103 
-1.3653 11.2647 
-1.2801 11.2194 
-1.1948 11.1742 
-1.1094 11.1293 
-1.0239 11.0846 
-0.9382 11.0402 
-0.8524 10.9959 
-0.7666 10.9519 
-0.6806 10.9082 
-0.5945 10.8646 
-0.5083 10.8213 
-0.4220 10.7782 
-0.3356 10.7354 
-0.2491 10.6927 
-0.1625 10.6503 
-0.0758 10.6081 
0.0109 10.5662 
0.0978 10.5244 
0.1848 10.4829 
0.2718 10.4416 
0.3589 10.4006 
0.4461 10.3597 
0.5334 10.3191 
0.6207 10.2787 
0.7081 10.2385 
0.7956 10.1985 
0.8832 10.1588 
0.9708 10.1193 
1.0585 10.0800 
1.1463 10.0409 
1.2341 10.0020 
1.3220 9.9634 
1.4099 9.9249 
1.4979 9.8867 
1.5859 9.8487 
1.6740 9.8109 
1.7622 9.7734 
1.8504 9.7360 
1.9386 9.6988 
2.0269 9.6619 
2.1152 9.6252 
2.2036 9.5887 
2.2920 9.5524 
2.3804 9.5163 
2.4689 9.4804 
2.5574 9.4448 
2.6460 9.4093 
2.7345 9.3740 
2.8232 9.3390 
2.9118 9.3042 
3.0004 9.2695 
3.0891 9.2351 
3.1778 9.2009 
3.2666 9.1669 
3.3553 9.1331 
3.4441 9.0995 
3.5328 9.0661 
3.6216 9.0328 
3.7104 8.9998 
3.7993 8.9670 
3.8881 8.9344 
3.9769 8.9020 
4.0658 8.8698 
4.1546 8.8378 
4.2435 8.8060 
4.3323 8.7744 
4.4212 8.7430 
4.5101 8.7118 
4.5989 8.6807 
4.6878 8.6499 
4.7766 8.6193 
4.8655 8.5888 
4.9543 8.5586 
5.0432 8.5285 
5.1320 8.4986 
5.2208 8.4689 
5.3096 8.4394 
5.3984 8.4101 
5.4872 8.3810 
5.5760 8.3521 
5.6648 8.3233 
5.7535 8.2948 
5.8422 8.2664 
5.9309 8.2382 
6.0196 8.2102 
6.1083 8.1824 
6.1969 8.1548 
6.2856 8.1273 
6.3742 8.1000 
6.4627 8.0729 
6.5513 8.0460 
6.6398 8.0193 
6.7283 7.9927 
6.8168 7.9663 
6.9052 7.9401 
6.9937 7.9141 
7.0820 7.8883 
7.1704 7.8626 
7.2587 7.8371 
7.3470 7.8118 
7.4352 7.7866 
7.5235 7.7616 
7.6117 7.7368 
7.6998 7.7122 
7.7879 7.6877 
7.8760 7.6634 
7.9640 7.6393 
8.0520 7.6153 
8.1400 7.5915 
8.2279 7.5679 
8.3158 7.5444 
8.4036 7.5211 
8.4914 7.4980 
8.5791 7.4750 
8.6668 7.4522 
8.7545 7.4296 
8.8421 7.4071 
8.9297 7.3848 
9.0172 7.3626 
9.1047 7.3406 
9.1921 7.3188 
9.2795 7.2971 
9.3669 7.2756 
9.4541 7.2542 
9.5414 7.2330 
9.6286 7.2119 
9.7157 7.1911 
9.8028 7.1703 
9.8899 7.1497 
9.9769 7.1293 
10.0638 7.1090 
10.1507 7.0889 
10.2375 7.0689 
10.3243 7.0491 
10.4110 7.0294 
10.4977 7.0099 
10.5843 6.9905 
10.6709 6.9713 
10.7574 6.9522 
10.8439 6.9333 
10.9303 6.9145 
11.0167 6.8959 
11.1030 6.8774 
11.1892 6.8590 
11.2754 6.8408 
11.3615 6.8228 
11.4476 6.8048 
11.5337 6.7871 
11.6196 6.7694 
11.7055 6.7519 
11.7914 6.7346 
11.8772 6.7174 
11.9629 6.7003 
12.0486 6.6834 
12.1342 6.6666 
12.2198 6.6499 
12.3053 6.6334 
12.3908 6.6170 
12.4762 6.6008 
12.5615 6.5847 
12.6468 6.5687 
12.7320 6.5528 
12.8172 6.5371 
12.9023 6.5216 
12.9873 6.5061 
13.0723 6.4908 
13.1573 6.4756 
13.2421 6.4606 
13.3270 6.4457 
13.4117 6.4309 
13.4964 6.4162 
13.5811 6.4017 
13.6657 6.3873 
13.7502 6.3730 
13.8347 6.3589 
13.9191 6.3448 
14.0034 6.3309 
14.0877 6.3172 
14.1720 6.3035 
14.2562 6.2900 
14.3403 6.2766 
14.4244 6.2634 
14.5084 6.2502 
14.5923 6.2372 
14.6762 6.2243 
14.7601 6.2115 
14.8439 6.1988 
14.9276 6.1863 
15.0113 6.1739 
15.0949 6.1616 
15.1785 6.1494 
15.2620 6.1374 
15.3454 6.1254 
15.4288 6.1136 
15.5122 6.1019 
15.5955 6.0903 
15.6787 6.0788 
15.7619 6.0675 
15.8450 6.0562 
15.9281 6.0451 
16.0111 6.0341 
16.0941 6.0232 
16.1770 6.0124 
16.2599 6.0018 
16.3427 5.9912 
16.4254 5.9808 
16.5081 5.9704 
16.5908 5.9602 
16.6734 5.9501 
16.7560 5.9401 
16.8385 5.9302 
16.9209 5.9205 
17.0033 5.9108 
17.0857 5.9012 
17.1680 5.8918 
17.2502 5.8825 
17.3324 5.8732 
17.4146 5.8641 
17.4967 5.8551 
17.5788 5.8462 
17.6608 5.8374 
17.7427 5.8287 
17.8247 5.8201 
17.9065 5.8117 
17.9884 5.8033 
18.0702 5.7950 
18.1519 5.7869 
18.2336 5.7788 
18.3153 5.7708 
18.3969 5.7630 
18.4784 5.7552 
18.5600 5.7476 
18.6414 5.7401 
18.7229 5.7326 
18.8043 5.7253 
18.8856 5.7181 
18.9669 5.7109 
19.0482 5.7039 
19.1295 5.6970 
19.2107 5.6901 
19.2918 5.6834 
19.3729 5.6768 
19.4540 5.6703 
19.5351 5.6638 
19.6161 5.6575 
19.6970 5.6513 
19.7780 5.6452 
19.8589 5.6391 
19.9397 5.6332 
20.0206 5.6274 
20.1014 5.6216 
20.1821 5.6160 
20.2628 5.6105 
20.3435 5.6050 
20.4242 5.5997 
20.5048 5.5944 
20.5854 5.5893 
20.6660 5.5842 
20.7466 5.5793 
20.8271 5.5744 
20.9076 5.5696 
20.9880 5.5650 
21.0684 5.5604 
21.1488 5.5559 
21.2292 5.5515 
21.3095 5.5472 
21.3899 5.5430 
21.4702 5.5389 
21.5504 5.5349 
21.6307 5.5310 
21.7109 5.5272 
21.7911 5.5235 
21.8713 5.5198 
21.9514 5.5163 
22.0316 5.5128 
22.1117 5.5095 
22.1918 5.5062 
22.2718 5.5031 
22.3519 5.5000 
22.4319 5.4970 
22.5119 5.4941 
22.5919 5.4913 
22.6719 5.4886 
22.7519 5.4860 
22.8318 5.4835 
22.9117 5.4811 
22.9917 5.4787 
23.0716 5.4765 
23.1515 5.4743 
23.2313 5.4723 
23.3112 5.4703 
23.3911 5.4684 
23.4709 5.4667 
23.5507 5.4650 
23.6305 5.4634 
23.7104 5.4618 
23.7902 5.4604 
23.8699 5.4591 
23.9497 5.4579 
24.0295 5.4567 
24.1093 5.4557 
24.1890 5.4547 
24.2688 5.4538 
24.3486 5.4530 
24.4283 5.4523 
24.5081 5.4517 
24.5878 5.4512 
24.6675 5.4508 
24.7473 5.4505 
24.8270 5.4502 
24.9068 5.4501 
24.9865 5.4500 
25.0662 5.4500 
25.1460 5.4502 
25.2257 5.4504 
25.3055 5.4507 
25.3852 5.4511 
25.4649 5.4515 
25.5447 5.4521 
25.6245 5.4528 
25.7042 5.4535 
25.7840 5.4544 
25.8638 5.4553 
25.9435 5.4563 
26.0233 5.4575 
26.1031 5.4587 
26.1829 5.4600 
26.2627 5.4614 
26.3426 5.4628 
26.4224 5.4644 
26.5022 5.4661 
26.5821 5.4678 
26.6620 5.4697 
26.7418 5.4716 
26.8217 5.4736 
26.9016 5.4758 
26.9816 5.4780 
27.0615 5.4803 
27.1415 5.4827 
27.2214 5.4852 
27.3014 5.4878 
27.3814 5.4904 
27.4614 5.4932 
27.5415 5.4960 
27.6215 5.4990 
27.7016 5.5020 
27.7817 5.5052 
27.8618 5.5084 
27.9420 5.5117 
28.0221 5.5151 
28.1023 5.5187 
28.1825 5.5223 
28.2627 5.5260 
28.3430 5.5297 
28.4233 5.5336 
28.5036 5.5376 
28.5839 5.5417 
28.6643 5.5458 
28.7446 5.5501 
28.8250 5.5545 
28.9055 5.5589 
28.9859 5.5635 
29.0664 5.5681 
29.1470 5.5728 
29.2275 5.5777 
29.3081 5.5826 
29.3887 5.5876 
29.4693 5.5928 
29.5500 5.5980 
29.6307 5.6033 
29.7115 5.6087 
29.7922 5.6142 
29.8731 5.6198 
29.9539 5.6255 
30.0348 5.6314 
30.1157 5.6373 
30.1966 5.6433 
30.2776 5.6494 
30.3586 5.6556 
30.4397 5.6619 
30.5208 5.6683 
30.6019 5.6748 
30.6831 5.6814 
30.7643 5.6881 
30.8456 5.6949 
30.9269 5.7018 
31.0082 5.7088 
31.0896 5.7159 
31.1710 5.7231 
31.2525 5.7304 
31.3340 5.7378 
31.4155 5.7453 
31.4971 5.7529 
31.5787 5.7607 
31.6604 5.7685 
31.7421 5.7764 
31.8239 5.7845 
31.9057 5.7926 
31.9875 5.8008 
32.0694 5.8092 
32.1514 5.8176 
32.2334 5.8262 
32.3154 5.8349 
32.3975 5.8436 
32.4796 5.8525 
32.5618 5.8615 
32.6440 5.8706 
32.7263 5.8798 
32.8086 5.8891 
32.8910 5.8986 
32.9735 5.9081 
33.0559 5.9177 
33.1385 5.9275 
33.2211 5.9374 
33.3037 5.9473 
33.3864 5.9574 
33.4691 5.9676 
33.5519 5.9779 
33.6347 5.9883 
33.7176 5.9989 
33.8006 6.0095 
33.8836 6.0203 
33.9666 6.0312 
34.0497 6.0422 
34.1329 6.0533 
34.2161 6.0645 
34.2994 6.0758 
34.3827 6.0873 
34.4661 6.0989 
34.5495 6.1105 
34.6330 6.1224 
34.7166 6.1343 
34.8002 6.1463 
34.8839 6.1585 
34.9676 6.1708 
35.0513 6.1832 
35.1352 6.1957 
35.2191 6.2083 
35.3030 6.2211 
35.3870 6.2340 
35.4711 6.2470 
35.5552 6.2602 
35.6394 6.2734 
35.7236 6.2868 
35.8079 6.3003 
35.8922 6.3139 
35.9766 6.3277 
36.0611 6.3416 
36.1456 6.3556 
36.2302 6.3697 
36.3149 6.3840 
36.3996 6.3984 
36.4843 6.4129 
36.5691 6.4275 
36.6540 6.4423 
36.7389 6.4572 
36.8239 6.4723 
36.9090 6.4875 
36.9941 6.5028 
37.0793 6.5182 
37.1645 6.5338 
37.2498 6.5495 
37.3351 6.5653 
37.4205 6.5813 
37.5060 6.5974 
37.5915 6.6136 
37.6771 6.6300 
37.7627 6.6465 
37.8484 6.6632 
37.9341 6.6800 
38.0200 6.6969 
38.1058 6.7140 
38.1917 6.7312 
38.2777 6.7485 
38.3638 6.7660 
38.4499 6.7837 
38.5360 6.8014 
38.6222 6.8194 
38.7085 6.8374 
38.7948 6.8556 
38.8812 6.8740 
38.9676 6.8925 
39.0541 6.9111 
39.1407 6.9299 
39.2273 6.9489 
39.3139 6.9679 
39.4006 6.9872 
39.4874 7.0066 
39.5742 7.0261 
39.6611 7.0458 
39.7480 7.0656 
39.8350 7.0856 
39.9220 7.1057 
40.0091 7.1260 
40.0962 7.1465 
40.1834 7.1671 
40.2707 7.1878 
40.3580 7.2087 
40.4453 7.2298 
40.5327 7.2510 
40.6201 7.2724 
40.7076 7.2939 
40.7951 7.3156 
40.8827 7.3375 
40.9703 7.3595 
41.0580 7.3816 
41.1457 7.4040 
41.2335 7.4265 
41.3213 7.4491 
41.4092 7.4720 
41.4971 7.4950 
41.5850 7.5181 
41.6730 7.5414 
41.7610 7.5649 
41.8491 7.5886 
41.9372 7.6124 
42.0254 7.6364 
42.1136 7.6605 
42.2018 7.6849 
42.2901 7.7094 
42.3784 7.7340 
42.4667 7.7589 
42.5551 7.7839 
42.6435 7.8090 
42.7320 7.8344 
42.8204 7.8599 
42.9090 7.8856 
42.9975 7.9115 
43.0861 7.9376 
43.1747 7.9638 
43.2633 7.9902 
43.3520 8.0168 
43.4407 8.0436 
43.5294 8.0705 
43.6181 8.0977 
43.7069 8.1250 
43.7957 8.1525 
43.8845 8.1802 
43.9733 8.2080 
44.0622 8.2361 
44.1511 8.2643 
44.2400 8.2927 
44.3289 8.3213 
44.4178 8.3501 
44.5067 8.3790 
44.5957 8.4082 
44.6847 8.4376 
44.7736 8.4671 
44.8626 8.4968 
44.9516 8.5267 
45.0406 8.5569 
45.1297 8.5872 
45.2187 8.6177 
45.3077 8.6483 
45.3967 8.6792 
45.4858 8.7103 
45.5748 8.7416 
45.6638 8.7730 
45.7529 8.8047 
45.8419 8.8366 
45.9309 8.8686 
46.0199 8.9009 
46.1089 8.9333 
46.1979 8.9660 
46.2869 8.9989 
46.3759 9.0319 
46.4649 9.0652 
46.5538 9.0987 
46.6428 9.1323 
46.7317 9.1662 
46.8206 9.2003 
46.9094 9.2346 
46.9983 9.2690 
47.0871 9.3037 
47.1759 9.3386 
47.2647 9.3738 
47.3535 9.4091 
47.4422 9.4446 
47.5309 9.4803 
47.6195 9.5163 
47.7081 9.5524 
47.7967 9.5888 
47.8852 9.6254 
47.9737 9.6622 
48.0622 9.6992 
48.1506 9.7364 
48.2390 9.7738 
48.3273 9.8115 
48.4155 9.8493 
48.5037 9.8874 
48.5919 9.9257 
48.6800 9.9642 
48.7681 10.0030 
48.8560 10.0419 
48.9440 10.0811 
49.0318 10.1205 
49.1196 10.1601 
49.2073 10.1999 
49.2950 10.2399 
49.3826 10.2802 
49.4701 10.3207 
49.5575 10.3614 
49.6449 10.4023 
49.7321 10.4435 
49.8193 10.4849 
49.9064 10.5265 
49.9935 10.5683 
50.0804 10.6103 
50.1672 10.6526 
50.2540 10.6951 
50.3406 10.7379 
50.4272 10.7808 
50.5136 10.8240 
50.6000 10.8674 
50.6862 10.9110 
50.7724 10.9549 
50.8584 10.9990 
50.9443 11.0433 
51.0301 11.0879 
51.1158 11.1327 
51.2014 11.1777 
51.2868 11.2229 
51.3721 11.2684 
51.4573 11.3141 
51.5424 11.3600 
51.6273 11.4062 
51.7121 11.4526 
51.7968 11.4992 
51.8813 11.5461 
51.9657 11.5932 
52.0499 11.6405 
52.1340 11.6881 
52.2179 11.7359 
52.3017 11.7839 
52.3853 11.8322 
52.4688 11.8807 
52.5521 11.9294 
52.6353 11.9784 
52.7183 12.0276 
52.8011 12.0770 
52.8837 12.1267 
52.9662 12.1766 
53.0485 12.2267 
53.1306 12.2771 
53.2125 12.3277 
53.2943 12.3786 
53.3758 12.4297 
53.4572 12.4810 
53.5384 12.5325 
53.6193 12.5843 
53.7001 12.6363 
53.7807 12.6886 
53.8610 12.7411 
53.9412 12.7938 
54.0212 12.8468 
54.1009 12.9000 
54.1804 12.9534 
54.2597 13.0071 
54.3388 13.0610 
54.4176 13.1152 
54.4962 13.1695 
54.5746 13.2241 
54.6528 13.2790 
54.7307 13.3341 
54.8084 13.3894 
54.8858 13.4449 
54.9630 13.5007 
55.0399 13.5568 
55.1166 13.6130 
55.1930 13.6695 
55.2692 13.7262 
55.3451 13.7832 
55.4207 13.8404 
55.4961 13.8978 
55.5712 13.9554 
55.6460 14.0133 
55.7205 14.0714 
55.7948 14.1298 
55.8687 14.1884 
55.9424 14.2472 
56.0158 14.3062 
56.0889 14.3655 
56.1617 14.4250 
56.2342 14.4847 
56.3064 14.5446 
56.3783 14.6048 
56.4499 14.6652 
56.5212 14.7259 
56.5922 14.7867 
56.6628 14.8478 
56.7331 14.9091 
56.8031 14.9707 
56.8728 15.0324 
56.9421 15.0944 
57.0111 15.1566 
57.0797 15.2190 
57.1480 15.2817 
57.2160 15.3446 
57.2836 15.4077 
57.3509 15.4710 
57.4178 15.5345 
57.4844 15.5982 
57.5506 15.6622 
57.6164 15.7264 
57.6819 15.7908 
57.7469 15.8554 
57.8117 15.9202 
57.8760 15.9853 
57.9400 16.0505 
58.0036 16.1160 
58.0668 16.1816 
58.1296 16.2475 
58.1920 16.3136 
58.2540 16.3799 
58.3156 16.4464 
58.3768 16.5131 
58.4376 16.5800 
58.4980 16.6471 
58.5580 16.7145 
58.6176 16.7820 
58.6768 16.8497 
58.7355 16.9176 
58.7938 16.9857 
58.8517 17.0541 
58.9092 17.1226 
58.9662 17.1913 
59.0228 17.2602 
59.0790 17.3293 
59.1347 17.3986 
59.1899 17.4680 
59.2447 17.5377 
59.2991 17.6075 
59.3530 17.6776 
59.4065 17.7478 
59.4595 17.8182 
59.5120 17.8888 
59.5641 17.9596 
59.6157 18.0305 
59.6668 18.1016 
59.7175 18.1729 
59.7677 18.2444 
59.8174 18.3161 
59.8666 18.3879 
59.9153 18.4599 
59.9636 18.5320 
60.0113 18.6044 
60.0586 18.6769 
60.1054 18.7495 
60.1516 18.8224 
60.1974 18.8954 
60.2427 18.9685 
60.2874 19.0418 
60.3317 19.1153 
60.3754 19.1889 
60.4186 19.2627 
60.4613 19.3366 
60.5035 19.4107 
60.5452 19.4849 
60.5863 19.5593 
60.6270 19.6338 
60.6670 19.7085 
60.7066 19.7833 
60.7456 19.8582 
60.7841 19.9333 
60.8220 20.0085 
60.8595 20.0839 
60.8963 20.1594 
60.9326 20.2350 
60.9684 20.3107 
61.0036 20.3866 
61.0383 20.4626 
61.0724 20.5387 
61.1060 20.6150 
61.1390 20.6913 
61.1714 20.7678 
61.2033 20.8444 
61.2346 20.9211 
61.2654 20.9980 
61.2956 21.0749 
61.3252 21.1520 
61.3543 21.2291 
61.3827 21.3064 
61.4106 21.3837 
61.4380 21.4612 
61.4647 21.5387 
61.4909 21.6164 
61.5165 21.6941 
61.5415 21.7720 
61.5659 21.8499 
61.5897 21.9279 
61.6130 22.0060 
61.6356 22.0842 
61.6577 22.1625 
61.6791 22.2408 
61.7000 22.3192 
61.7203 22.3977 
61.7400 22.4763 
61.7591 22.5550 
61.7776 22.6337 
61.7955 22.7125 
61.8128 22.7913 
61.8295 22.8702 
61.8456 22.9492 
61.8611 23.0282 
61.8760 23.1073 
61.8902 23.1864 
61.9039 23.2656 
61.9170 23.3448 
61.9294 23.4241 
61.9413 23.5034 
61.9525 23.5828 
61.9632 23.6622 
61.9732 23.7416 
61.9826 23.8211 
61.9914 23.9006 
61.9996 23.9802 
62.0071 24.0597 
62.0141 24.1393 
62.0204 24.2189 
62.0261 24.2986 
62.0313 24.3782 
62.0358 24.4579 
62.0396 24.5376 
62.0429 24.6173 
62.0456 24.6970 
62.0476 24.7768 
62.0490 24.8565 
62.0498 24.9362 
