45
59.2220 28.6694 0.0000 
57.2153 31.8405 0.0000 
54.4778 34.4348 0.0000 
51.3474 36.5197 0.0000 
47.9762 38.2013 0.0000 
44.4702 39.5423 0.0000 
40.8577 40.6007 0.0000 
37.1744 41.4072 0.0000 
33.4521 41.9821 0.0000 
29.6973 42.3417 0.0000 
25.9352 42.4938 0.0000 
22.1699 42.4427 0.0000 
18.4068 42.1867 0.0000 
14.6671 41.7200 0.0000 
10.9721 41.0329 0.0000 
7.3174 40.1024 0.0000 
3.7461 38.9039 0.0000 
0.2917 37.3946 0.0000 
-2.9808 35.5128 0.0000 
-5.9299 33.1905 0.0000 
-8.3536 30.3042 0.0000 
-9.8017 26.8604 0.0000 
-9.7970 23.1179 0.0000 
-8.3412 19.6763 0.0000 
-5.9127 16.7932 0.0000 
-2.9615 14.4744 0.0000 
0.3112 12.5958 0.0000 
3.7645 11.0891 0.0000 
7.3342 9.8927 0.0000 
10.9871 8.9638 0.0000 
14.6803 8.2780 0.0000 
18.4187 7.8122 0.0000 
22.1811 7.5569 0.0000 
25.9462 7.5064 0.0000 
29.7088 7.6591 0.0000 
33.4647 8.0195 0.0000 
37.1885 8.5954 0.0000 
40.8736 9.4033 0.0000 
44.4878 10.4636 0.0000 
47.9953 11.8070 0.0000 
51.3670 13.4915 0.0000 
54.4963 15.5797 0.0000 
57.2306 18.1774 0.0000 
59.2309 21.3514 0.0000 
60.0000 25.0000 0.0000 
