25
02.7010 18.5074 0.0000 bc 
05.4810 18.5074 0.0000 pouch
08.2610 18.5074 0.0000 pouch
11.0410 18.5074 0.0000 pouch
13.8210 18.5074 0.0000 pouch
16.6010 18.5074 0.0000 pouch
19.3810 18.5074 0.0000 pouch
22.1610 18.5074 0.0000 pouch
24.9410 18.5074 0.0000 pouch
27.7210 18.5074 0.0000 pouch
30.5010 18.5074 0.0000 pouch 
33.2810 18.5074 0.0000 pouch
36.0610 18.5074 0.0000 pouch
38.8410 18.5074 0.0000 pouch
41.6210 18.5074 0.0000 pouch
44.4010 18.5074 0.0000 pouch
47.1810 18.5074 0.0000 pouch
49.9610 18.5074 0.0000 pouch
52.7410 18.5074 0.0000 pouch
55.5210 18.5074 0.0000 pouch
58.3010 18.5074 0.0000 pouch
61.0810 18.5074 0.0000 pouch
63.8610 18.5074 0.0000 pouch
66.6410 18.5074 0.0000 pouch
69.4210 18.5074 0.0000 bc
