884
41.5486 25.1040 
41.5445 25.2079 
41.5376 25.3118 
41.5301 25.3947 
41.5183 25.4983 
41.5037 25.6017 
41.4901 25.6842 
41.4707 25.7871 
41.4486 25.8897 
41.4290 25.9715 
41.4022 26.0733 
41.3728 26.1748 
41.3475 26.2556 
41.3135 26.3561 
41.2845 26.4362 
41.2461 26.5357 
41.2136 26.6149 
41.1708 26.7133 
41.1349 26.7916 
41.0880 26.8888 
41.0488 26.9660 
40.9979 27.0619 
40.9556 27.1380 
40.9009 27.2325 
40.8556 27.3074 
40.8090 27.3819 
40.7611 27.4557 
40.6996 27.5473 
40.6490 27.6199 
40.5973 27.6919 
40.5310 27.7810 
40.4768 27.8517 
40.4215 27.9217 
40.3651 27.9911 
40.3078 28.0599 
40.2347 28.1450 
40.1752 28.2123 
40.1148 28.2790 
40.0535 28.3450 
39.9914 28.4104 
39.9285 28.4751 
39.8648 28.5391 
39.8003 28.6025 
39.7351 28.6651 
39.6527 28.7425 
39.5859 28.8037 
39.5186 28.8642 
39.4506 28.9240 
39.3821 28.9831 
39.3130 29.0415 
39.2434 29.0993 
39.1733 29.1564 
39.1028 29.2128 
39.0318 29.2685 
38.9603 29.3236 
38.8885 29.3780 
38.8163 29.4317 
38.7438 29.4847 
38.6709 29.5371 
38.5977 29.5888 
38.5243 29.6399 
38.4506 29.6903 
38.3767 29.7401 
38.2839 29.8014 
38.2095 29.8497 
38.1350 29.8974 
38.0602 29.9444 
37.9854 29.9909 
37.9104 30.0367 
37.8353 30.0819 
37.7602 30.1265 
37.6849 30.1704 
37.5908 30.2246 
37.5155 30.2672 
37.4402 30.3093 
37.3648 30.3507 
37.2895 30.3916 
37.2142 30.4320 
37.1201 30.4816 
37.0449 30.5207 
36.9698 30.5592 
36.8947 30.5972 
36.8010 30.6440 
36.7261 30.6808 
36.6514 30.7170 
36.5767 30.7528 
36.4836 30.7968 
36.4093 30.8314 
36.3166 30.8740 
36.2426 30.9075 
36.1688 30.9405 
36.0767 30.9812 
36.0033 31.0132 
35.9118 31.0525 
35.8388 31.0834 
35.7478 31.1215 
35.6753 31.1515 
35.5849 31.1883 
35.5129 31.2173 
35.4231 31.2529 
35.3337 31.2879 
35.2625 31.3155 
35.1737 31.3494 
35.0854 31.3826 
35.0150 31.4088 
34.9273 31.4410 
34.8401 31.4726 
34.7532 31.5036 
34.6840 31.5280 
34.5979 31.5580 
34.5122 31.5875 
34.4269 31.6165 
34.3420 31.6449 
34.2575 31.6728 
34.1735 31.7002 
34.0899 31.7271 
34.0067 31.7535 
33.9239 31.7795 
33.8415 31.8050 
33.7433 31.8349 
33.6619 31.8594 
33.5809 31.8835 
33.5003 31.9071 
33.4042 31.9348 
33.3246 31.9575 
33.2454 31.9798 
33.1510 32.0060 
33.0727 32.0274 
32.9793 32.0526 
32.9020 32.0732 
32.8097 32.0974 
32.7333 32.1171 
32.6421 32.1404 
32.5666 32.1594 
32.4765 32.1818 
32.3870 32.2036 
32.2981 32.2251 
32.2244 32.2425 
32.1365 32.2631 
32.0491 32.2833 
31.9623 32.3030 
31.8761 32.3223 
31.7904 32.3412 
31.7053 32.3597 
31.6207 32.3778 
31.5366 32.3955 
31.4391 32.4157 
31.3562 32.4326 
31.2737 32.4492 
31.1917 32.4654 
31.0967 32.4839 
31.0159 32.4993 
30.9221 32.5170 
30.8422 32.5318 
30.7497 32.5486 
30.6708 32.5627 
30.5794 32.5788 
30.4886 32.5944 
30.4112 32.6076 
30.3215 32.6225 
30.2324 32.6371 
30.1438 32.6513 
30.0558 32.6652 
29.9683 32.6787 
29.8814 32.6919 
29.7950 32.7047 
29.7091 32.7172 
29.6238 32.7294 
29.5389 32.7413 
29.4545 32.7529 
29.3706 32.7642 
29.2753 32.7768 
29.1924 32.7874 
29.1099 32.7978 
29.0162 32.8094 
28.9347 32.8192 
28.8420 32.8301 
28.7614 32.8393 
28.6697 32.8496 
28.5785 32.8596 
28.4991 32.8680 
28.4089 32.8774 
28.3190 32.8865 
28.2297 32.8952 
28.1408 32.9037 
28.0634 32.9109 
27.9752 32.9189 
27.8875 32.9265 
27.8002 32.9339 
27.7133 32.9411 
27.6267 32.9480 
27.5297 32.9554 
27.4439 32.9617 
27.3584 32.9678 
27.2732 32.9737 
27.1883 32.9793 
27.0931 32.9854 
27.0088 32.9905 
26.9248 32.9954 
26.8306 33.0006 
26.7471 33.0050 
26.6639 33.0092 
26.5705 33.0137 
26.4877 33.0174 
26.3948 33.0214 
26.3124 33.0247 
26.2199 33.0281 
26.1378 33.0310 
26.0457 33.0339 
25.9538 33.0366 
25.8722 33.0388 
25.7805 33.0410 
25.6991 33.0428 
25.6077 33.0446 
25.5164 33.0461 
25.4353 33.0472 
25.3441 33.0483 
25.2530 33.0491 
25.1720 33.0496 
25.0809 33.0499 
24.9899 33.0500 
24.9090 33.0499 
24.8179 33.0495 
24.7369 33.0490 
24.6458 33.0482 
24.5546 33.0471 
24.4735 33.0459 
24.3821 33.0444 
24.2907 33.0426 
24.2093 33.0408 
24.1176 33.0386 
24.0360 33.0363 
23.9441 33.0336 
23.8519 33.0306 
23.7699 33.0277 
23.6773 33.0243 
23.5949 33.0209 
23.5020 33.0170 
23.4192 33.0132 
23.3257 33.0087 
23.2424 33.0045 
23.1589 33.0000 
23.0647 32.9948 
22.9806 32.9899 
22.8963 32.9847 
22.8011 32.9786 
22.7162 32.9730 
22.6310 32.9671 
22.5454 32.9610 
22.4595 32.9546 
22.3625 32.9471 
22.2759 32.9402 
22.1889 32.9330 
22.1015 32.9256 
22.0138 32.9179 
21.9256 32.9099 
21.8481 32.9027 
21.7592 32.8941 
21.6698 32.8853 
21.5799 32.8762 
21.4896 32.8668 
21.4101 32.8583 
21.3189 32.8483 
21.2271 32.8380 
21.1464 32.8287 
21.0537 32.8178 
20.9721 32.8079 
20.8783 32.7964 
20.7958 32.7859 
20.7128 32.7752 
20.6174 32.7626 
20.5334 32.7513 
20.4490 32.7397 
20.3641 32.7277 
20.2786 32.7155 
20.1927 32.7029 
20.1062 32.6900 
20.0192 32.6768 
19.9317 32.6632 
19.8436 32.6493 
19.7549 32.6350 
19.6657 32.6204 
19.5759 32.6054 
19.4985 32.5922 
19.4076 32.5765 
19.3161 32.5604 
19.2372 32.5462 
19.1445 32.5293 
19.0646 32.5145 
18.9707 32.4968 
18.8897 32.4813 
18.7946 32.4627 
18.7126 32.4465 
18.6301 32.4298 
18.5470 32.4129 
18.4495 32.3926 
18.3653 32.3748 
18.2806 32.3567 
18.1953 32.3381 
18.1096 32.3191 
18.0232 32.2998 
17.9364 32.2800 
17.8489 32.2597 
17.7609 32.2391 
17.6872 32.2215 
17.5981 32.2000 
17.5085 32.1781 
17.4183 32.1556 
17.3427 32.1365 
17.2514 32.1132 
17.1749 32.0934 
17.0826 32.0691 
17.0051 32.0484 
16.9117 32.0231 
16.8333 32.0017 
16.7388 31.9754 
16.6595 31.9530 
16.5798 31.9302 
16.4836 31.9024 
16.4029 31.8787 
16.3219 31.8546 
16.2404 31.8300 
16.1420 31.7999 
16.0596 31.7743 
15.9767 31.7483 
15.8935 31.7218 
15.8097 31.6948 
15.7256 31.6673 
15.6411 31.6393 
15.5561 31.6107 
15.4707 31.5817 
15.3849 31.5521 
15.2987 31.5219 
15.2294 31.4974 
15.1425 31.4663 
15.0552 31.4346 
14.9674 31.4023 
14.8970 31.3760 
14.8086 31.3426 
14.7197 31.3086 
14.6484 31.2810 
14.5590 31.2459 
14.4692 31.2101 
14.3971 31.1810 
14.3066 31.1440 
14.2340 31.1139 
14.1430 31.0757 
14.0699 31.0447 
13.9784 31.0052 
13.9049 30.9731 
13.8128 30.9323 
13.7389 30.8992 
13.6649 30.8655 
13.5721 30.8228 
13.4978 30.7880 
13.4046 30.7439 
13.3300 30.7080 
13.2552 30.6716 
13.1803 30.6347 
13.0865 30.5878 
13.0115 30.5496 
12.9363 30.5110 
12.8611 30.4718 
12.7670 30.4220 
12.6917 30.3815 
12.6163 30.3404 
12.5410 30.2988 
12.4656 30.2566 
12.3903 30.2138 
12.2962 30.1595 
12.2210 30.1154 
12.1459 30.0706 
12.0708 30.0253 
11.9959 29.9793 
11.9211 29.9327 
11.8464 29.8855 
11.7718 29.8377 
11.6975 29.7892 
11.6048 29.7277 
11.5310 29.6778 
11.4573 29.6272 
11.3839 29.5760 
11.3108 29.5241 
11.2381 29.4715 
11.1656 29.4183 
11.0935 29.3644 
11.0218 29.3099 
10.9504 29.2547 
10.8795 29.1988 
10.8091 29.1422 
10.7391 29.0849 
10.6697 29.0270 
10.6007 28.9684 
10.5323 28.9091 
10.4645 28.8491 
10.3973 28.7885 
10.3308 28.7271 
10.2485 28.6495 
10.1835 28.5867 
10.1192 28.5232 
10.0557 28.4590 
9.9930 28.3941 
9.9311 28.3286 
9.8700 28.2624 
9.8098 28.1955 
9.7506 28.1280 
9.6778 28.0428 
9.6207 27.9738 
9.5646 27.9043 
9.5096 27.8341 
9.4556 27.7633 
9.3897 27.6739 
9.3382 27.6018 
9.2880 27.5290 
9.2268 27.4373 
9.1793 27.3633 
9.1330 27.2887 
9.0880 27.2136 
9.0337 27.1190 
8.9917 27.0428 
8.9412 26.9467 
8.9024 26.8694 
8.8560 26.7721 
8.8205 26.6937 
8.7782 26.5951 
8.7461 26.5158 
8.7081 26.4162 
8.6795 26.3361 
8.6461 26.2354 
8.6211 26.1545 
8.5922 26.0530 
8.5659 25.9510 
8.5468 25.8692 
8.5252 25.7666 
8.5063 25.6636 
8.4932 25.5810 
8.4792 25.4776 
8.4679 25.3740 
8.4608 25.2910 
8.4545 25.1871 
8.4509 25.0832 
8.4501 24.9792 
8.4514 24.8960 
8.4555 24.7921 
8.4624 24.6882 
8.4699 24.6053 
8.4817 24.5017 
8.4963 24.3983 
8.5099 24.3158 
8.5293 24.2129 
8.5514 24.1103 
8.5710 24.0285 
8.5978 23.9267 
8.6272 23.8252 
8.6525 23.7444 
8.6865 23.6439 
8.7155 23.5638 
8.7539 23.4643 
8.7864 23.3851 
8.8292 23.2867 
8.8651 23.2084 
8.9120 23.1112 
8.9512 23.0340 
9.0021 22.9381 
9.0444 22.8620 
9.0991 22.7675 
9.1444 22.6926 
9.1910 22.6181 
9.2389 22.5443 
9.3004 22.4527 
9.3510 22.3801 
9.4027 22.3081 
9.4690 22.2190 
9.5232 22.1483 
9.5785 22.0783 
9.6349 22.0089 
9.6922 21.9401 
9.7653 21.8550 
9.8248 21.7877 
9.8852 21.7210 
9.9465 21.6550 
10.0086 21.5896 
10.0715 21.5249 
10.1352 21.4609 
10.1997 21.3975 
10.2649 21.3349 
10.3473 21.2575 
10.4141 21.1963 
10.4814 21.1358 
10.5494 21.0760 
10.6179 21.0169 
10.6870 20.9585 
10.7566 20.9007 
10.8267 20.8436 
10.8972 20.7872 
10.9682 20.7315 
11.0397 20.6764 
11.1115 20.6220 
11.1837 20.5683 
11.2562 20.5153 
11.3291 20.4629 
11.4023 20.4112 
11.4757 20.3601 
11.5494 20.3097 
11.6233 20.2599 
11.7161 20.1986 
11.7905 20.1503 
11.8650 20.1026 
11.9398 20.0556 
12.0146 20.0091 
12.0896 19.9633 
12.1647 19.9181 
12.2398 19.8735 
12.3151 19.8296 
12.4092 19.7754 
12.4845 19.7328 
12.5598 19.6907 
12.6352 19.6493 
12.7105 19.6084 
12.7858 19.5680 
12.8799 19.5184 
12.9551 19.4793 
13.0302 19.4408 
13.1053 19.4028 
13.1990 19.3560 
13.2739 19.3192 
13.3486 19.2830 
13.4233 19.2472 
13.5164 19.2032 
13.5907 19.1686 
13.6834 19.1260 
13.7574 19.0925 
13.8312 19.0595 
13.9233 19.0188 
13.9967 18.9868 
14.0882 18.9475 
14.1612 18.9166 
14.2522 18.8785 
14.3247 18.8485 
14.4151 18.8117 
14.4871 18.7827 
14.5769 18.7471 
14.6663 18.7121 
14.7375 18.6845 
14.8263 18.6506 
14.9146 18.6174 
14.9850 18.5912 
15.0727 18.5590 
15.1599 18.5274 
15.2468 18.4964 
15.3160 18.4720 
15.4021 18.4420 
15.4878 18.4125 
15.5731 18.3835 
15.6580 18.3551 
15.7425 18.3272 
15.8265 18.2998 
15.9101 18.2729 
15.9933 18.2465 
16.0761 18.2205 
16.1585 18.1950 
16.2567 18.1651 
16.3381 18.1406 
16.4191 18.1165 
16.4997 18.0929 
16.5958 18.0652 
16.6754 18.0425 
16.7546 18.0202 
16.8490 17.9940 
16.9273 17.9726 
17.0207 17.9474 
17.0980 17.9268 
17.1903 17.9026 
17.2667 17.8829 
17.3579 17.8596 
17.4334 17.8406 
17.5235 17.8182 
17.6130 17.7964 
17.7019 17.7749 
17.7756 17.7575 
17.8635 17.7369 
17.9509 17.7167 
18.0377 17.6970 
18.1239 17.6777 
18.2096 17.6588 
18.2947 17.6403 
18.3793 17.6222 
18.4634 17.6045 
18.5609 17.5843 
18.6438 17.5674 
18.7263 17.5508 
18.8083 17.5346 
18.9033 17.5161 
18.9841 17.5007 
19.0779 17.4830 
19.1578 17.4682 
19.2503 17.4514 
19.3292 17.4373 
19.4206 17.4212 
19.5114 17.4056 
19.5888 17.3924 
19.6785 17.3775 
19.7676 17.3629 
19.8562 17.3487 
19.9442 17.3348 
20.0317 17.3213 
20.1186 17.3081 
20.2050 17.2953 
20.2909 17.2828 
20.3762 17.2706 
20.4611 17.2587 
20.5455 17.2471 
20.6294 17.2358 
20.7247 17.2232 
20.8076 17.2126 
20.8901 17.2022 
20.9838 17.1906 
21.0653 17.1808 
21.1580 17.1699 
21.2386 17.1607 
21.3303 17.1504 
21.4215 17.1404 
21.5009 17.1320 
21.5911 17.1226 
21.6810 17.1135 
21.7703 17.1048 
21.8592 17.0963 
21.9366 17.0891 
22.0248 17.0811 
22.1125 17.0735 
22.1998 17.0661 
22.2867 17.0589 
22.3733 17.0520 
22.4703 17.0446 
22.5561 17.0383 
22.6416 17.0322 
22.7268 17.0263 
22.8117 17.0207 
22.9069 17.0146 
22.9912 17.0095 
23.0752 17.0046 
23.1694 16.9994 
23.2529 16.9950 
23.3361 16.9908 
23.4295 16.9863 
23.5123 16.9826 
23.6052 16.9786 
23.6876 16.9753 
23.7801 16.9719 
23.8622 16.9690 
23.9543 16.9661 
24.0462 16.9634 
24.1278 16.9612 
24.2195 16.9590 
24.3009 16.9572 
24.3923 16.9554 
24.4836 16.9539 
24.5647 16.9528 
24.6559 16.9517 
24.7470 16.9509 
24.8280 16.9504 
24.9191 16.9501 
25.0101 16.9500 
25.0910 16.9501 
25.1821 16.9505 
25.2631 16.9510 
25.3542 16.9518 
25.4454 16.9529 
25.5265 16.9541 
25.6179 16.9556 
25.7093 16.9574 
25.7907 16.9592 
25.8824 16.9614 
25.9640 16.9637 
26.0559 16.9664 
26.1481 16.9694 
26.2301 16.9723 
26.3227 16.9757 
26.4051 16.9791 
26.4980 16.9830 
26.5808 16.9868 
26.6743 16.9913 
26.7576 16.9955 
26.8411 17.0000 
26.9353 17.0052 
27.0194 17.0101 
27.1037 17.0153 
27.1989 17.0214 
27.2838 17.0270 
27.3690 17.0329 
27.4546 17.0390 
27.5405 17.0454 
27.6375 17.0529 
27.7241 17.0598 
27.8111 17.0670 
27.8985 17.0744 
27.9862 17.0821 
28.0744 17.0901 
28.1519 17.0973 
28.2408 17.1059 
28.3302 17.1147 
28.4201 17.1238 
28.5104 17.1332 
28.5899 17.1417 
28.6811 17.1517 
28.7729 17.1620 
28.8536 17.1713 
28.9463 17.1822 
29.0279 17.1921 
29.1217 17.2036 
29.2042 17.2141 
29.2872 17.2248 
29.3826 17.2374 
29.4666 17.2487 
29.5510 17.2603 
29.6359 17.2723 
29.7214 17.2845 
29.8073 17.2971 
29.8938 17.3100 
29.9808 17.3232 
30.0683 17.3368 
30.1564 17.3507 
30.2451 17.3650 
30.3343 17.3796 
30.4241 17.3946 
30.5015 17.4078 
30.5924 17.4235 
30.6839 17.4396 
30.7628 17.4538 
30.8555 17.4707 
30.9354 17.4855 
31.0293 17.5032 
31.1103 17.5187 
31.2054 17.5373 
31.2874 17.5535 
31.3699 17.5702 
31.4530 17.5871 
31.5505 17.6074 
31.6347 17.6252 
31.7194 17.6433 
31.8047 17.6619 
31.8904 17.6809 
31.9768 17.7002 
32.0636 17.7200 
32.1511 17.7403 
32.2391 17.7609 
32.3128 17.7785 
32.4019 17.8000 
32.4915 17.8219 
32.5817 17.8444 
32.6573 17.8635 
32.7486 17.8868 
32.8251 17.9066 
32.9174 17.9309 
32.9949 17.9516 
33.0883 17.9769 
33.1667 17.9983 
33.2612 18.0246 
33.3405 18.0470 
33.4202 18.0698 
33.5164 18.0976 
33.5971 18.1213 
33.6781 18.1454 
33.7596 18.1700 
33.8580 18.2001 
33.9404 18.2257 
34.0233 18.2517 
34.1065 18.2782 
34.1903 18.3052 
34.2744 18.3327 
34.3589 18.3607 
34.4439 18.3893 
34.5293 18.4183 
34.6151 18.4479 
34.7013 18.4781 
34.7706 18.5026 
34.8575 18.5337 
34.9448 18.5654 
35.0326 18.5977 
35.1030 18.6240 
35.1914 18.6574 
35.2803 18.6914 
35.3516 18.7190 
35.4410 18.7541 
35.5308 18.7899 
35.6029 18.8190 
35.6934 18.8560 
35.7660 18.8861 
35.8570 18.9243 
35.9301 18.9553 
36.0216 18.9948 
36.0951 19.0269 
36.1872 19.0677 
36.2611 19.1008 
36.3351 19.1345 
36.4279 19.1772 
36.5022 19.2120 
36.5954 19.2561 
36.6700 19.2920 
36.7448 19.3284 
36.8197 19.3653 
36.9135 19.4122 
36.9885 19.4504 
37.0637 19.4890 
37.1389 19.5282 
37.2330 19.5780 
37.3083 19.6185 
37.3837 19.6596 
37.4590 19.7012 
37.5344 19.7434 
37.6097 19.7862 
37.7038 19.8405 
37.7790 19.8846 
37.8541 19.9294 
37.9292 19.9747 
38.0041 20.0207 
38.0789 20.0673 
38.1536 20.1145 
38.2282 20.1623 
38.3025 20.2108 
38.3952 20.2723 
38.4690 20.3222 
38.5427 20.3728 
38.6161 20.4240 
38.6892 20.4759 
38.7619 20.5285 
38.8344 20.5817 
38.9065 20.6356 
38.9782 20.6901 
39.0496 20.7453 
39.1205 20.8012 
39.1909 20.8578 
39.2609 20.9151 
39.3303 20.9730 
39.3993 21.0316 
39.4677 21.0909 
39.5355 21.1509 
39.6027 21.2115 
39.6692 21.2729 
39.7515 21.3505 
39.8165 21.4133 
39.8808 21.4768 
39.9443 21.5410 
40.0070 21.6059 
40.0689 21.6714 
40.1300 21.7376 
40.1902 21.8045 
40.2494 21.8720 
40.3222 21.9572 
40.3793 22.0262 
40.4354 22.0957 
40.4904 22.1659 
40.5444 22.2367 
40.6103 22.3261 
40.6618 22.3982 
40.7120 22.4710 
40.7732 22.5627 
40.8207 22.6367 
40.8670 22.7113 
40.9120 22.7864 
40.9663 22.8810 
41.0083 22.9572 
41.0588 23.0533 
41.0976 23.1306 
41.1440 23.2279 
41.1795 23.3063 
41.2218 23.4049 
41.2539 23.4842 
41.2919 23.5838 
41.3205 23.6639 
41.3539 23.7646 
41.3789 23.8455 
41.4078 23.9470 
41.4341 24.0490 
41.4532 24.1308 
41.4748 24.2334 
41.4937 24.3364 
41.5068 24.4190 
41.5208 24.5224 
41.5321 24.6260 
41.5392 24.7090 
41.5455 24.8129 
41.5491 24.9168 
41.5500 25.0000 
