3070
44.5500 25.0000 
44.5500 25.0400 
44.5498 25.0800 
44.5496 25.1200 
44.5493 25.1600 
44.5490 25.2000 
44.5485 25.2400 
44.5480 25.2800 
44.5474 25.3200 
44.5467 25.3600 
44.5459 25.4000 
44.5450 25.4400 
44.5441 25.4800 
44.5431 25.5199 
44.5420 25.5599 
44.5408 25.5999 
44.5395 25.6399 
44.5382 25.6799 
44.5367 25.7198 
44.5352 25.7598 
44.5336 25.7998 
44.5320 25.8397 
44.5302 25.8797 
44.5284 25.9197 
44.5264 25.9596 
44.5244 25.9996 
44.5223 26.0395 
44.5202 26.0795 
44.5179 26.1194 
44.5156 26.1593 
44.5132 26.1992 
44.5107 26.2392 
44.5081 26.2791 
44.5055 26.3190 
44.5027 26.3589 
44.4999 26.3988 
44.4970 26.4387 
44.4940 26.4786 
44.4909 26.5185 
44.4878 26.5583 
44.4846 26.5982 
44.4813 26.6381 
44.4779 26.6779 
44.4744 26.7178 
44.4708 26.7576 
44.4672 26.7975 
44.4635 26.8373 
44.4597 26.8771 
44.4558 26.9169 
44.4518 26.9567 
44.4478 26.9965 
44.4437 27.0363 
44.4395 27.0761 
44.4352 27.1158 
44.4308 27.1556 
44.4263 27.1954 
44.4218 27.2351 
44.4172 27.2748 
44.4125 27.3146 
44.4077 27.3543 
44.4029 27.3940 
44.3979 27.4337 
44.3929 27.4734 
44.3878 27.5130 
44.3826 27.5527 
44.3774 27.5923 
44.3720 27.6320 
44.3666 27.6716 
44.3611 27.7112 
44.3555 27.7508 
44.3498 27.7904 
44.3441 27.8300 
44.3383 27.8696 
44.3323 27.9092 
44.3263 27.9487 
44.3203 27.9882 
44.3141 28.0278 
44.3079 28.0673 
44.3016 28.1068 
44.2952 28.1463 
44.2887 28.1857 
44.2821 28.2252 
44.2755 28.2646 
44.2688 28.3041 
44.2620 28.3435 
44.2551 28.3829 
44.2481 28.4223 
44.2411 28.4617 
44.2340 28.5010 
44.2268 28.5404 
44.2195 28.5797 
44.2121 28.6190 
44.2047 28.6583 
44.1971 28.6976 
44.1895 28.7369 
44.1819 28.7761 
44.1741 28.8154 
44.1662 28.8546 
44.1583 28.8938 
44.1503 28.9330 
44.1422 28.9721 
44.1341 29.0113 
44.1258 29.0504 
44.1175 29.0896 
44.1091 29.1287 
44.1006 29.1678 
44.0920 29.2068 
44.0834 29.2459 
44.0746 29.2849 
44.0658 29.3239 
44.0569 29.3629 
44.0480 29.4019 
44.0389 29.4409 
44.0298 29.4798 
44.0206 29.5188 
44.0113 29.5577 
44.0020 29.5966 
43.9925 29.6354 
43.9830 29.6743 
43.9734 29.7131 
43.9637 29.7519 
43.9539 29.7907 
43.9441 29.8295 
43.9342 29.8682 
43.9242 29.9070 
43.9141 29.9457 
43.9039 29.9844 
43.8937 30.0230 
43.8834 30.0617 
43.8730 30.1003 
43.8625 30.1389 
43.8520 30.1775 
43.8413 30.2160 
43.8306 30.2546 
43.8198 30.2931 
43.8089 30.3316 
43.7980 30.3701 
43.7870 30.4085 
43.7759 30.4469 
43.7647 30.4854 
43.7534 30.5237 
43.7421 30.5621 
43.7307 30.6004 
43.7192 30.6387 
43.7076 30.6770 
43.6959 30.7153 
43.6842 30.7535 
43.6724 30.7917 
43.6605 30.8299 
43.6485 30.8681 
43.6365 30.9063 
43.6244 30.9444 
43.6122 30.9825 
43.5999 31.0205 
43.5875 31.0586 
43.5751 31.0966 
43.5626 31.1346 
43.5500 31.1726 
43.5373 31.2105 
43.5246 31.2484 
43.5118 31.2863 
43.4989 31.3242 
43.4859 31.3620 
43.4728 31.3998 
43.4597 31.4376 
43.4465 31.4753 
43.4332 31.5131 
43.4198 31.5508 
43.4064 31.5884 
43.3929 31.6261 
43.3793 31.6637 
43.3656 31.7013 
43.3518 31.7389 
43.3380 31.7764 
43.3241 31.8139 
43.3101 31.8514 
43.2961 31.8888 
43.2819 31.9263 
43.2677 31.9636 
43.2534 32.0010 
43.2391 32.0383 
43.2246 32.0756 
43.2101 32.1129 
43.1955 32.1502 
43.1809 32.1874 
43.1661 32.2246 
43.1513 32.2617 
43.1364 32.2988 
43.1214 32.3359 
43.1064 32.3730 
43.0913 32.4100 
43.0761 32.4470 
43.0608 32.4840 
43.0454 32.5209 
43.0300 32.5578 
43.0145 32.5947 
42.9989 32.6315 
42.9833 32.6684 
42.9676 32.7051 
42.9518 32.7419 
42.9359 32.7786 
42.9199 32.8153 
42.9039 32.8519 
42.8878 32.8885 
42.8716 32.9251 
42.8554 32.9617 
42.8390 32.9982 
42.8226 33.0347 
42.8062 33.0711 
42.7896 33.1075 
42.7730 33.1439 
42.7563 33.1803 
42.7395 33.2166 
42.7227 33.2529 
42.7057 33.2891 
42.6887 33.3253 
42.6717 33.3615 
42.6545 33.3976 
42.6373 33.4337 
42.6200 33.4698 
42.6027 33.5058 
42.5852 33.5418 
42.5677 33.5778 
42.5501 33.6137 
42.5325 33.6496 
42.5147 33.6855 
42.4969 33.7213 
42.4790 33.7571 
42.4611 33.7928 
42.4430 33.8285 
42.4249 33.8642 
42.4068 33.8998 
42.3885 33.9354 
42.3702 33.9710 
42.3518 34.0065 
42.3334 34.0420 
42.3148 34.0774 
42.2962 34.1128 
42.2775 34.1482 
42.2588 34.1835 
42.2400 34.2188 
42.2211 34.2541 
42.2021 34.2893 
42.1830 34.3245 
42.1639 34.3596 
42.1447 34.3947 
42.1255 34.4298 
42.1062 34.4648 
42.0868 34.4998 
42.0673 34.5347 
42.0477 34.5696 
42.0281 34.6045 
42.0084 34.6393 
41.9887 34.6741 
41.9688 34.7088 
41.9489 34.7435 
41.9290 34.7782 
41.9089 34.8128 
41.8888 34.8473 
41.8686 34.8819 
41.8484 34.9164 
41.8281 34.9508 
41.8077 34.9852 
41.7872 35.0196 
41.7667 35.0539 
41.7461 35.0882 
41.7254 35.1225 
41.7046 35.1567 
41.6838 35.1908 
41.6629 35.2249 
41.6420 35.2590 
41.6210 35.2930 
41.5999 35.3270 
41.5787 35.3610 
41.5575 35.3949 
41.5362 35.4287 
41.5148 35.4625 
41.4933 35.4963 
41.4718 35.5300 
41.4503 35.5637 
41.4286 35.5973 
41.4069 35.6309 
41.3851 35.6645 
41.3632 35.6980 
41.3413 35.7314 
41.3193 35.7648 
41.2973 35.7982 
41.2751 35.8315 
41.2530 35.8648 
41.2307 35.8980 
41.2084 35.9312 
41.1860 35.9644 
41.1635 35.9975 
41.1410 36.0305 
41.1184 36.0635 
41.0957 36.0965 
41.0729 36.1294 
41.0501 36.1622 
41.0273 36.1951 
41.0043 36.2278 
40.9813 36.2605 
40.9583 36.2932 
40.9351 36.3258 
40.9119 36.3584 
40.8886 36.3910 
40.8653 36.4234 
40.8419 36.4559 
40.8184 36.4883 
40.7949 36.5206 
40.7713 36.5529 
40.7476 36.5851 
40.7239 36.6173 
40.7001 36.6495 
40.6762 36.6816 
40.6523 36.7136 
40.6283 36.7456 
40.6042 36.7776 
40.5801 36.8095 
40.5559 36.8413 
40.5316 36.8731 
40.5073 36.9049 
40.4829 36.9366 
40.4584 36.9683 
40.4339 36.9999 
40.4093 37.0314 
40.3847 37.0629 
40.3600 37.0944 
40.3352 37.1258 
40.3104 37.1571 
40.2854 37.1884 
40.2605 37.2197 
40.2354 37.2509 
40.2103 37.2820 
40.1852 37.3131 
40.1600 37.3442 
40.1347 37.3751 
40.1093 37.4061 
40.0839 37.4370 
40.0584 37.4678 
40.0329 37.4986 
40.0073 37.5293 
39.9816 37.5600 
39.9559 37.5906 
39.9301 37.6212 
39.9042 37.6517 
39.8783 37.6822 
39.8523 37.7126 
39.8263 37.7430 
39.8002 37.7733 
39.7740 37.8035 
39.7478 37.8337 
39.7215 37.8639 
39.6952 37.8940 
39.6688 37.9240 
39.6423 37.9540 
39.6157 37.9839 
39.5891 38.0138 
39.5625 38.0436 
39.5358 38.0734 
39.5090 38.1031 
39.4822 38.1328 
39.4553 38.1624 
39.4283 38.1919 
39.4013 38.2214 
39.3742 38.2509 
39.3470 38.2802 
39.3198 38.3096 
39.2926 38.3388 
39.2653 38.3681 
39.2379 38.3972 
39.2104 38.4263 
39.1829 38.4554 
39.1554 38.4844 
39.1278 38.5133 
39.1001 38.5422 
39.0723 38.5710 
39.0445 38.5997 
39.0167 38.6285 
38.9888 38.6571 
38.9608 38.6857 
38.9328 38.7142 
38.9047 38.7427 
38.8765 38.7711 
38.8483 38.7995 
38.8201 38.8278 
38.7918 38.8560 
38.7634 38.8842 
38.7349 38.9124 
38.7064 38.9404 
38.6779 38.9685 
38.6493 38.9964 
38.6206 39.0243 
38.5919 39.0522 
38.5631 39.0799 
38.5343 39.1077 
38.5054 39.1353 
38.4764 39.1629 
38.4474 39.1905 
38.4184 39.2179 
38.3892 39.2454 
38.3601 39.2727 
38.3308 39.3000 
38.3016 39.3273 
38.2722 39.3545 
38.2428 39.3816 
38.2134 39.4087 
38.1839 39.4357 
38.1543 39.4626 
38.1247 39.4895 
38.0950 39.5163 
38.0653 39.5431 
38.0355 39.5698 
38.0057 39.5964 
37.9758 39.6230 
37.9458 39.6495 
37.9158 39.6760 
37.8858 39.7024 
37.8556 39.7287 
37.8255 39.7550 
37.7953 39.7812 
37.7650 39.8073 
37.7347 39.8334 
37.7043 39.8594 
37.6739 39.8854 
37.6434 39.9113 
37.6129 39.9371 
37.5823 39.9629 
37.5516 39.9886 
37.5209 40.0143 
37.4902 40.0399 
37.4594 40.0654 
37.4285 40.0909 
37.3976 40.1163 
37.3667 40.1416 
37.3357 40.1669 
37.3046 40.1921 
37.2735 40.2172 
37.2423 40.2423 
37.2111 40.2673 
37.1799 40.2923 
37.1486 40.3171 
37.1172 40.3420 
37.0858 40.3667 
37.0543 40.3914 
37.0228 40.4161 
36.9912 40.4406 
36.9596 40.4651 
36.9279 40.4896 
36.8962 40.5139 
36.8645 40.5382 
36.8326 40.5625 
36.8008 40.5867 
36.7689 40.6108 
36.7369 40.6348 
36.7049 40.6588 
36.6728 40.6827 
36.6407 40.7066 
36.6085 40.7304 
36.5763 40.7541 
36.5441 40.7777 
36.5118 40.8013 
36.4794 40.8248 
36.4470 40.8483 
36.4146 40.8717 
36.3821 40.8950 
36.3495 40.9183 
36.3169 40.9414 
36.2843 40.9646 
36.2516 40.9876 
36.2189 41.0106 
36.1861 41.0335 
36.1533 41.0564 
36.1204 41.0792 
36.0875 41.1019 
36.0545 41.1245 
36.0215 41.1471 
35.9884 41.1696 
35.9553 41.1921 
35.9222 41.2145 
35.8890 41.2368 
35.8557 41.2590 
35.8224 41.2812 
35.7891 41.3033 
35.7557 41.3254 
35.7223 41.3473 
35.6888 41.3692 
35.6553 41.3911 
35.6217 41.4128 
35.5881 41.4345 
35.5545 41.4562 
35.5208 41.4777 
35.4871 41.4992 
35.4533 41.5206 
35.4195 41.5420 
35.3856 41.5633 
35.3517 41.5845 
35.3177 41.6056 
35.2837 41.6267 
35.2497 41.6477 
35.2156 41.6686 
35.1815 41.6895 
35.1473 41.7103 
35.1131 41.7310 
35.0789 41.7517 
35.0446 41.7723 
35.0102 41.7928 
34.9758 41.8132 
34.9414 41.8336 
34.9070 41.8539 
34.8724 41.8742 
34.8379 41.8943 
34.8033 41.9144 
34.7687 41.9344 
34.7340 41.9544 
34.6993 41.9743 
34.6646 41.9941 
34.6298 42.0138 
34.5949 42.0335 
34.5601 42.0531 
34.5252 42.0726 
34.4902 42.0921 
34.4552 42.1114 
34.4202 42.1308 
34.3851 42.1500 
34.3500 42.1692 
34.3149 42.1883 
34.2797 42.2073 
34.2444 42.2262 
34.2092 42.2451 
34.1739 42.2639 
34.1385 42.2826 
34.1032 42.3013 
34.0677 42.3199 
34.0323 42.3384 
33.9968 42.3569 
33.9613 42.3752 
33.9257 42.3935 
33.8901 42.4117 
33.8544 42.4299 
33.8188 42.4480 
33.7830 42.4660 
33.7473 42.4839 
33.7115 42.5018 
33.6757 42.5196 
33.6398 42.5373 
33.6039 42.5549 
33.5680 42.5725 
33.5320 42.5900 
33.4960 42.6074 
33.4599 42.6248 
33.4239 42.6420 
33.3877 42.6592 
33.3516 42.6763 
33.3154 42.6934 
33.2792 42.7104 
33.2429 42.7273 
33.2067 42.7441 
33.1703 42.7609 
33.1340 42.7775 
33.0976 42.7941 
33.0612 42.8107 
33.0247 42.8271 
32.9882 42.8435 
32.9517 42.8598 
32.9151 42.8761 
32.8785 42.8922 
32.8419 42.9083 
32.8053 42.9243 
32.7686 42.9402 
32.7318 42.9561 
32.6951 42.9719 
32.6583 42.9876 
32.6215 43.0032 
32.5846 43.0188 
32.5477 43.0342 
32.5108 43.0497 
32.4739 43.0650 
32.4369 43.0802 
32.3999 43.0954 
32.3629 43.1105 
32.3258 43.1255 
32.2887 43.1405 
32.2516 43.1554 
32.2144 43.1702 
32.1772 43.1849 
32.1400 43.1995 
32.1027 43.2141 
32.0654 43.2286 
32.0281 43.2430 
31.9908 43.2574 
31.9534 43.2716 
31.9160 43.2858 
31.8786 43.2999 
31.8411 43.3140 
31.8037 43.3279 
31.7661 43.3418 
31.7286 43.3556 
31.6910 43.3693 
31.6534 43.3830 
31.6158 43.3966 
31.5782 43.4101 
31.5405 43.4235 
31.5028 43.4368 
31.4650 43.4501 
31.4273 43.4633 
31.3895 43.4764 
31.3517 43.4894 
31.3138 43.5024 
31.2759 43.5153 
31.2380 43.5281 
31.2001 43.5408 
31.1622 43.5534 
31.1242 43.5660 
31.0862 43.5785 
31.0482 43.5909 
31.0101 43.6032 
30.9721 43.6155 
30.9340 43.6277 
30.8958 43.6398 
30.8577 43.6518 
30.8195 43.6638 
30.7813 43.6756 
30.7431 43.6874 
30.7048 43.6991 
30.6666 43.7108 
30.6283 43.7223 
30.5900 43.7338 
30.5516 43.7452 
30.5132 43.7565 
30.4749 43.7677 
30.4364 43.7789 
30.3980 43.7900 
30.3596 43.8010 
30.3211 43.8119 
30.2826 43.8228 
30.2441 43.8335 
30.2055 43.8442 
30.1669 43.8548 
30.1284 43.8654 
30.0897 43.8758 
30.0511 43.8862 
30.0125 43.8965 
29.9738 43.9067 
29.9351 43.9169 
29.8964 43.9269 
29.8576 43.9369 
29.8189 43.9468 
29.7801 43.9566 
29.7413 43.9664 
29.7025 43.9760 
29.6637 43.9856 
29.6248 43.9951 
29.5859 44.0045 
29.5470 44.0139 
29.5081 44.0231 
29.4692 44.0323 
29.4302 44.0414 
29.3913 44.0504 
29.3523 44.0594 
29.3133 44.0682 
29.2743 44.0770 
29.2352 44.0857 
29.1962 44.0944 
29.1571 44.1029 
29.1180 44.1114 
29.0789 44.1198 
29.0398 44.1281 
29.0006 44.1363 
28.9614 44.1444 
28.9223 44.1525 
28.8831 44.1605 
28.8439 44.1684 
28.8046 44.1762 
28.7654 44.1840 
28.7261 44.1916 
28.6869 44.1992 
28.6476 44.2067 
28.6083 44.2141 
28.5689 44.2215 
28.5296 44.2287 
28.4903 44.2359 
28.4509 44.2430 
28.4115 44.2500 
28.3721 44.2570 
28.3327 44.2638 
28.2933 44.2706 
28.2539 44.2773 
28.2144 44.2839 
28.1749 44.2905 
28.1355 44.2969 
28.0960 44.3033 
28.0565 44.3096 
28.0170 44.3158 
27.9774 44.3219 
27.9379 44.3280 
27.8983 44.3340 
27.8588 44.3399 
27.8192 44.3457 
27.7796 44.3514 
27.7400 44.3570 
27.7004 44.3626 
27.6608 44.3681 
27.6212 44.3735 
27.5815 44.3788 
27.5419 44.3841 
27.5022 44.3892 
27.4625 44.3943 
27.4228 44.3993 
27.3831 44.4042 
27.3434 44.4090 
27.3037 44.4138 
27.2640 44.4185 
27.2242 44.4231 
27.1845 44.4276 
27.1447 44.4320 
27.1050 44.4363 
27.0652 44.4406 
27.0254 44.4448 
26.9856 44.4489 
26.9458 44.4529 
26.9060 44.4569 
26.8662 44.4607 
26.8264 44.4645 
26.7866 44.4682 
26.7467 44.4718 
26.7069 44.4753 
26.6670 44.4788 
26.6272 44.4822 
26.5873 44.4855 
26.5474 44.4887 
26.5076 44.4918 
26.4677 44.4948 
26.4278 44.4978 
26.3879 44.5007 
26.3480 44.5035 
26.3081 44.5062 
26.2682 44.5088 
26.2283 44.5114 
26.1883 44.5139 
26.1484 44.5162 
26.1085 44.5185 
26.0685 44.5208 
26.0286 44.5229 
25.9886 44.5250 
25.9487 44.5270 
25.9087 44.5289 
25.8688 44.5307 
25.8288 44.5324 
25.7889 44.5341 
25.7489 44.5357 
25.7089 44.5371 
25.6689 44.5386 
25.6290 44.5399 
25.5890 44.5411 
25.5490 44.5423 
25.5090 44.5434 
25.4690 44.5444 
25.4290 44.5453 
25.3890 44.5461 
25.3490 44.5469 
25.3091 44.5476 
25.2691 44.5481 
25.2291 44.5487 
25.1891 44.5491 
25.1491 44.5494 
25.1091 44.5497 
25.0691 44.5499 
25.0291 44.5500 
24.9891 44.5500 
24.9491 44.5499 
24.9091 44.5498 
24.8691 44.5496 
24.8291 44.5493 
24.7891 44.5489 
24.7491 44.5484 
24.7091 44.5478 
24.6691 44.5472 
24.6291 44.5465 
24.5891 44.5457 
24.5491 44.5448 
24.5091 44.5438 
24.4691 44.5428 
24.4291 44.5417 
24.3892 44.5405 
24.3492 44.5392 
24.3092 44.5378 
24.2692 44.5363 
24.2293 44.5348 
24.1893 44.5332 
24.1493 44.5315 
24.1094 44.5297 
24.0694 44.5278 
24.0295 44.5259 
23.9895 44.5239 
23.9496 44.5218 
23.9096 44.5196 
23.8697 44.5173 
23.8298 44.5149 
23.7898 44.5125 
23.7499 44.5100 
23.7100 44.5074 
23.6701 44.5047 
23.6302 44.5020 
23.5903 44.4991 
23.5504 44.4962 
23.5105 44.4932 
23.4706 44.4901 
23.4308 44.4869 
23.3909 44.4837 
23.3510 44.4803 
23.3112 44.4769 
23.2713 44.4734 
23.2315 44.4698 
23.1917 44.4662 
23.1518 44.4624 
23.1120 44.4586 
23.0722 44.4547 
23.0324 44.4507 
22.9926 44.4467 
22.9528 44.4425 
22.9131 44.4383 
22.8733 44.4340 
22.8335 44.4296 
22.7938 44.4251 
22.7540 44.4206 
22.7143 44.4159 
22.6746 44.4112 
22.6349 44.4064 
22.5952 44.4015 
22.5555 44.3966 
22.5158 44.3915 
22.4761 44.3864 
22.4365 44.3812 
22.3968 44.3759 
22.3572 44.3705 
22.3176 44.3651 
22.2779 44.3596 
22.2383 44.3540 
22.1987 44.3483 
22.1592 44.3425 
22.1196 44.3366 
22.0800 44.3307 
22.0405 44.3247 
22.0010 44.3186 
21.9614 44.3124 
21.9219 44.3062 
21.8824 44.2998 
21.8430 44.2934 
21.8035 44.2869 
21.7640 44.2803 
21.7246 44.2737 
21.6852 44.2669 
21.6457 44.2601 
21.6063 44.2532 
21.5670 44.2462 
21.5276 44.2391 
21.4882 44.2320 
21.4489 44.2248 
21.4096 44.2175 
21.3703 44.2101 
21.3310 44.2026 
21.2917 44.1951 
21.2524 44.1874 
21.2132 44.1797 
21.1739 44.1719 
21.1347 44.1641 
21.0955 44.1561 
21.0563 44.1481 
21.0171 44.1400 
20.9780 44.1318 
20.9389 44.1235 
20.8997 44.1152 
20.8606 44.1068 
20.8216 44.0982 
20.7825 44.0897 
20.7434 44.0810 
20.7044 44.0722 
20.6654 44.0634 
20.6264 44.0545 
20.5874 44.0455 
20.5485 44.0364 
20.5095 44.0273 
20.4706 44.0181 
20.4317 44.0088 
20.3928 43.9994 
20.3540 43.9899 
20.3151 43.9804 
20.2763 43.9707 
20.2375 43.9610 
20.1987 43.9513 
20.1599 43.9414 
20.1212 43.9314 
20.0825 43.9214 
20.0438 43.9113 
20.0051 43.9011 
19.9664 43.8909 
19.9278 43.8805 
19.8891 43.8701 
19.8506 43.8596 
19.8120 43.8491 
19.7734 43.8384 
19.7349 43.8277 
19.6964 43.8169 
19.6579 43.8060 
19.6194 43.7950 
19.5810 43.7839 
19.5426 43.7728 
19.5042 43.7616 
19.4658 43.7503 
19.4274 43.7390 
19.3891 43.7275 
19.3508 43.7160 
19.3125 43.7044 
19.2743 43.6927 
19.2360 43.6810 
19.1978 43.6691 
19.1596 43.6572 
19.1215 43.6452 
19.0833 43.6332 
19.0452 43.6210 
19.0071 43.6088 
18.9691 43.5965 
18.9310 43.5841 
18.8930 43.5717 
18.8550 43.5591 
18.8171 43.5465 
18.7791 43.5338 
18.7412 43.5211 
18.7034 43.5082 
18.6655 43.4953 
18.6277 43.4823 
18.5899 43.4692 
18.5521 43.4561 
18.5143 43.4429 
18.4766 43.4295 
18.4389 43.4162 
18.4013 43.4027 
18.3636 43.3892 
18.3260 43.3755 
18.2884 43.3618 
18.2509 43.3481 
18.2133 43.3342 
18.1758 43.3203 
18.1384 43.3063 
18.1009 43.2922 
18.0635 43.2781 
18.0261 43.2638 
17.9888 43.2495 
17.9515 43.2351 
17.9142 43.2207 
17.8769 43.2062 
17.8397 43.1915 
17.8025 43.1769 
17.7653 43.1621 
17.7281 43.1472 
17.6910 43.1323 
17.6539 43.1173 
17.6169 43.1023 
17.5799 43.0871 
17.5429 43.0719 
17.5059 43.0566 
17.4690 43.0412 
17.4321 43.0258 
17.3952 43.0103 
17.3584 42.9947 
17.3216 42.9790 
17.2848 42.9633 
17.2481 42.9474 
17.2114 42.9315 
17.1747 42.9156 
17.1381 42.8995 
17.1015 42.8834 
17.0649 42.8672 
17.0283 42.8509 
16.9918 42.8346 
16.9554 42.8181 
16.9189 42.8016 
16.8825 42.7851 
16.8461 42.7684 
16.8098 42.7517 
16.7735 42.7349 
16.7372 42.7180 
16.7010 42.7011 
16.6648 42.6841 
16.6286 42.6670 
16.5925 42.6498 
16.5564 42.6326 
16.5204 42.6153 
16.4843 42.5979 
16.4483 42.5804 
16.4124 42.5629 
16.3765 42.5453 
16.3406 42.5276 
16.3048 42.5099 
16.2689 42.4920 
16.2332 42.4741 
16.1974 42.4562 
16.1617 42.4381 
16.1261 42.4200 
16.0905 42.4018 
16.0549 42.3835 
16.0193 42.3652 
15.9838 42.3468 
15.9483 42.3283 
15.9129 42.3097 
15.8775 42.2911 
15.8421 42.2724 
15.8068 42.2536 
15.7715 42.2348 
15.7363 42.2159 
15.7011 42.1969 
15.6659 42.1778 
15.6308 42.1587 
15.5957 42.1395 
15.5607 42.1202 
15.5257 42.1009 
15.4907 42.0814 
15.4558 42.0619 
15.4209 42.0424 
15.3860 42.0227 
15.3512 42.0030 
15.3164 41.9833 
15.2817 41.9634 
15.2470 41.9435 
15.2124 41.9235 
15.1778 41.9034 
15.1432 41.8833 
15.1087 41.8631 
15.0742 41.8428 
15.0398 41.8225 
15.0054 41.8021 
14.9710 41.7816 
14.9367 41.7610 
14.9024 41.7404 
14.8682 41.7197 
14.8340 41.6990 
14.7999 41.6781 
14.7658 41.6572 
14.7317 41.6362 
14.6977 41.6152 
14.6637 41.5941 
14.6298 41.5729 
14.5959 41.5516 
14.5620 41.5303 
14.5282 41.5089 
14.4945 41.4875 
14.4608 41.4659 
14.4271 41.4443 
14.3935 41.4227 
14.3599 41.4009 
14.3264 41.3791 
14.2929 41.3573 
14.2594 41.3353 
14.2260 41.3133 
14.1927 41.2912 
14.1594 41.2691 
14.1261 41.2469 
14.0929 41.2246 
14.0597 41.2022 
14.0266 41.1798 
13.9935 41.1573 
13.9605 41.1348 
13.9275 41.1122 
13.8945 41.0895 
13.8616 41.0667 
13.8288 41.0439 
13.7960 41.0210 
13.7632 40.9980 
13.7305 40.9750 
13.6979 40.9519 
13.6652 40.9288 
13.6327 40.9056 
13.6002 40.8823 
13.5677 40.8589 
13.5353 40.8355 
13.5029 40.8120 
13.4706 40.7884 
13.4383 40.7648 
13.4061 40.7411 
13.3739 40.7174 
13.3417 40.6935 
13.3096 40.6697 
13.2776 40.6457 
13.2456 40.6217 
13.2137 40.5976 
13.1818 40.5735 
13.1500 40.5492 
13.1182 40.5250 
13.0864 40.5006 
13.0547 40.4762 
13.0231 40.4517 
12.9915 40.4272 
12.9600 40.4026 
12.9285 40.3779 
12.8970 40.3532 
12.8657 40.3284 
12.8343 40.3036 
12.8030 40.2786 
12.7718 40.2536 
12.7406 40.2286 
12.7095 40.2035 
12.6784 40.1783 
12.6474 40.1531 
12.6164 40.1277 
12.5855 40.1024 
12.5546 40.0769 
12.5238 40.0515 
12.4930 40.0259 
12.4623 40.0003 
12.4316 39.9746 
12.4010 39.9488 
12.3704 39.9230 
12.3399 39.8972 
12.3095 39.8712 
12.2791 39.8452 
12.2487 39.8192 
12.2184 39.7931 
12.1882 39.7669 
12.1580 39.7406 
12.1279 39.7143 
12.0978 39.6880 
12.0678 39.6615 
12.0378 39.6350 
12.0079 39.6085 
11.9780 39.5819 
11.9482 39.5552 
11.9185 39.5285 
11.8888 39.5017 
11.8591 39.4748 
11.8295 39.4479 
11.8000 39.4209 
11.7705 39.3939 
11.7411 39.3668 
11.7117 39.3396 
11.6824 39.3124 
11.6532 39.2851 
11.6240 39.2578 
11.5948 39.2304 
11.5657 39.2029 
11.5367 39.1754 
11.5077 39.1478 
11.4788 39.1202 
11.4500 39.0925 
11.4211 39.0648 
11.3924 39.0369 
11.3637 39.0091 
11.3351 38.9811 
11.3065 38.9532 
11.2780 38.9251 
11.2495 38.8970 
11.2211 38.8688 
11.1928 38.8406 
11.1645 38.8123 
11.1362 38.7840 
11.1081 38.7556 
11.0800 38.7272 
11.0519 38.6986 
11.0239 38.6701 
10.9960 38.6415 
10.9681 38.6128 
10.9403 38.5840 
10.9125 38.5552 
10.8848 38.5264 
10.8571 38.4975 
10.8295 38.4685 
10.8020 38.4395 
10.7746 38.4104 
10.7471 38.3813 
10.7198 38.3521 
10.6925 38.3228 
10.6653 38.2935 
10.6381 38.2642 
10.6110 38.2348 
10.5840 38.2053 
10.5570 38.1758 
10.5300 38.1462 
10.5032 38.1166 
10.4764 38.0869 
10.4496 38.0571 
10.4229 38.0273 
10.3963 37.9975 
10.3697 37.9676 
10.3432 37.9376 
10.3168 37.9076 
10.2904 37.8775 
10.2641 37.8474 
10.2379 37.8172 
10.2117 37.7870 
10.1855 37.7567 
10.1595 37.7264 
10.1335 37.6960 
10.1075 37.6655 
10.0816 37.6351 
10.0558 37.6045 
10.0300 37.5739 
10.0043 37.5432 
9.9787 37.5125 
9.9531 37.4818 
9.9276 37.4510 
9.9022 37.4201 
9.8768 37.3892 
9.8515 37.3582 
9.8262 37.3272 
9.8011 37.2961 
9.7759 37.2650 
9.7509 37.2338 
9.7259 37.2026 
9.7009 37.1713 
9.6761 37.1400 
9.6513 37.1086 
9.6265 37.0772 
9.6018 37.0457 
9.5772 37.0142 
9.5527 36.9826 
9.5282 36.9510 
9.5038 36.9193 
9.4794 36.8875 
9.4551 36.8558 
9.4309 36.8239 
9.4067 36.7921 
9.3826 36.7601 
9.3586 36.7282 
9.3347 36.6961 
9.3108 36.6640 
9.2869 36.6319 
9.2632 36.5997 
9.2395 36.5675 
9.2158 36.5353 
9.1923 36.5029 
9.1687 36.4706 
9.1453 36.4382 
9.1219 36.4057 
9.0986 36.3732 
9.0754 36.3406 
9.0522 36.3080 
9.0291 36.2754 
9.0061 36.2427 
8.9831 36.2099 
8.9602 36.1771 
8.9374 36.1443 
8.9146 36.1114 
8.8919 36.0785 
8.8693 36.0455 
8.8467 36.0124 
8.8242 35.9794 
8.8018 35.9463 
8.7794 35.9131 
8.7571 35.8799 
8.7349 35.8466 
8.7127 35.8133 
8.6907 35.7800 
8.6686 35.7466 
8.6467 35.7131 
8.6248 35.6797 
8.6030 35.6461 
8.5812 35.6126 
8.5596 35.5790 
8.5379 35.5453 
8.5164 35.5116 
8.4949 35.4778 
8.4735 35.4440 
8.4522 35.4102 
8.4309 35.3763 
8.4097 35.3424 
8.3886 35.3084 
8.3675 35.2744 
8.3466 35.2404 
8.3256 35.2063 
8.3048 35.1721 
8.2840 35.1380 
8.2633 35.1037 
8.2427 35.0695 
8.2221 35.0352 
8.2016 35.0008 
8.1812 34.9664 
8.1608 34.9320 
8.1405 34.8975 
8.1203 34.8630 
8.1002 34.8285 
8.0801 34.7939 
8.0601 34.7592 
8.0402 34.7245 
8.0203 34.6898 
8.0005 34.6551 
7.9808 34.6203 
7.9612 34.5854 
7.9416 34.5505 
7.9221 34.5156 
7.9026 34.4806 
7.8833 34.4456 
7.8640 34.4106 
7.8448 34.3755 
7.8256 34.3404 
7.8065 34.3052 
7.7875 34.2700 
7.7686 34.2348 
7.7498 34.1995 
7.7310 34.1642 
7.7123 34.1289 
7.6936 34.0935 
7.6750 34.0580 
7.6565 34.0226 
7.6381 33.9871 
7.6198 33.9515 
7.6015 33.9160 
7.5833 33.8803 
7.5651 33.8447 
7.5471 33.8090 
7.5291 33.7733 
7.5112 33.7375 
7.4933 33.7017 
7.4756 33.6659 
7.4579 33.6300 
7.4403 33.5941 
7.4227 33.5581 
7.4052 33.5222 
7.3878 33.4861 
7.3705 33.4501 
7.3533 33.4140 
7.3361 33.3779 
7.3190 33.3417 
7.3020 33.3055 
7.2850 33.2693 
7.2681 33.2330 
7.2513 33.1967 
7.2346 33.1604 
7.2179 33.1240 
7.2013 33.0876 
7.1848 33.0512 
7.1684 33.0147 
7.1520 32.9782 
7.1357 32.9417 
7.1195 32.9051 
7.1034 32.8685 
7.0873 32.8319 
7.0713 32.7952 
7.0554 32.7585 
7.0396 32.7218 
7.0238 32.6850 
7.0081 32.6482 
6.9925 32.6114 
6.9770 32.5746 
6.9615 32.5377 
6.9462 32.5007 
6.9308 32.4638 
6.9156 32.4268 
6.9005 32.3898 
6.8854 32.3527 
6.8704 32.3157 
6.8554 32.2785 
6.8406 32.2414 
6.8258 32.2042 
6.8111 32.1670 
6.7965 32.1298 
6.7819 32.0925 
6.7675 32.0553 
6.7531 32.0179 
6.7387 31.9806 
6.7245 31.9432 
6.7103 31.9058 
6.6962 31.8684 
6.6822 31.8309 
6.6683 31.7934 
6.6544 31.7559 
6.6406 31.7183 
6.6269 31.6808 
6.6133 31.6432 
6.5997 31.6055 
6.5863 31.5679 
6.5729 31.5302 
6.5595 31.4925 
6.5463 31.4547 
6.5331 31.4169 
6.5200 31.3791 
6.5070 31.3413 
6.4941 31.3035 
6.4812 31.2656 
6.4684 31.2277 
6.4557 31.1898 
6.4431 31.1518 
6.4306 31.1138 
6.4181 31.0758 
6.4057 31.0378 
6.3934 30.9997 
6.3812 30.9616 
6.3690 30.9235 
6.3569 30.8854 
6.3449 30.8472 
6.3330 30.8091 
6.3211 30.7709 
6.3094 30.7326 
6.2977 30.6944 
6.2861 30.6561 
6.2745 30.6178 
6.2631 30.5795 
6.2517 30.5411 
6.2404 30.5028 
6.2292 30.4644 
6.2181 30.4259 
6.2070 30.3875 
6.1960 30.3490 
6.1851 30.3106 
6.1743 30.2721 
6.1635 30.2335 
6.1529 30.1950 
6.1423 30.1564 
6.1318 30.1178 
6.1213 30.0792 
6.1110 30.0406 
6.1007 30.0019 
6.0905 29.9632 
6.0804 29.9245 
6.0704 29.8858 
6.0604 29.8471 
6.0505 29.8083 
6.0407 29.7695 
6.0310 29.7307 
6.0214 29.6919 
6.0118 29.6530 
6.0023 29.6142 
5.9929 29.5753 
5.9836 29.5364 
5.9744 29.4975 
5.9652 29.4586 
5.9561 29.4196 
5.9471 29.3806 
5.9382 29.3416 
5.9293 29.3026 
5.9206 29.2636 
5.9119 29.2245 
5.9033 29.1855 
5.8948 29.1464 
5.8863 29.1073 
5.8780 29.0682 
5.8697 29.0291 
5.8615 28.9899 
5.8534 28.9507 
5.8453 28.9116 
5.8373 28.8724 
5.8295 28.8331 
5.8217 28.7939 
5.8139 28.7547 
5.8063 28.7154 
5.7987 28.6761 
5.7913 28.6368 
5.7839 28.5975 
5.7765 28.5582 
5.7693 28.5189 
5.7621 28.4795 
5.7551 28.4401 
5.7481 28.4007 
5.7411 28.3614 
5.7343 28.3219 
5.7275 28.2825 
5.7209 28.2431 
5.7143 28.2036 
5.7078 28.1642 
5.7013 28.1247 
5.6950 28.0852 
5.6887 28.0457 
5.6825 28.0062 
5.6764 27.9666 
5.6704 27.9271 
5.6644 27.8875 
5.6586 27.8480 
5.6528 27.8084 
5.6471 27.7688 
5.6414 27.7292 
5.6359 27.6896 
5.6304 27.6500 
5.6250 27.6103 
5.6197 27.5707 
5.6145 27.5310 
5.6094 27.4913 
5.6043 27.4517 
5.5994 27.4120 
5.5945 27.3723 
5.5897 27.3326 
5.5849 27.2928 
5.5803 27.2531 
5.5757 27.2134 
5.5712 27.1736 
5.5668 27.1339 
5.5625 27.0941 
5.5582 27.0543 
5.5541 27.0146 
5.5500 26.9748 
5.5460 26.9350 
5.5421 26.8952 
5.5382 26.8553 
5.5345 26.8155 
5.5308 26.7757 
5.5272 26.7358 
5.5237 26.6960 
5.5203 26.6561 
5.5169 26.6163 
5.5137 26.5764 
5.5105 26.5366 
5.5074 26.4967 
5.5044 26.4568 
5.5014 26.4169 
5.4986 26.3770 
5.4958 26.3371 
5.4931 26.2972 
5.4905 26.2573 
5.4879 26.2173 
5.4855 26.1774 
5.4831 26.1375 
5.4808 26.0976 
5.4786 26.0576 
5.4765 26.0177 
5.4745 25.9777 
5.4725 25.9378 
5.4706 25.8978 
5.4688 25.8579 
5.4671 25.8179 
5.4655 25.7779 
5.4639 25.7380 
5.4625 25.6980 
5.4611 25.6580 
5.4598 25.6180 
5.4585 25.5781 
5.4574 25.5381 
5.4563 25.4981 
5.4554 25.4581 
5.4545 25.4181 
5.4537 25.3781 
5.4529 25.3381 
5.4523 25.2981 
5.4517 25.2581 
5.4512 25.2181 
5.4508 25.1781 
5.4505 25.1381 
5.4502 25.0981 
5.4501 25.0581 
5.4500 25.0181 
5.4500 24.9781 
5.4501 24.9381 
5.4503 24.8981 
5.4505 24.8581 
5.4508 24.8181 
5.4513 24.7781 
5.4518 24.7381 
5.4523 24.6981 
5.4530 24.6582 
5.4537 24.6182 
5.4546 24.5782 
5.4555 24.5382 
5.4564 24.4982 
5.4575 24.4582 
5.4587 24.4182 
5.4599 24.3782 
5.4612 24.3383 
5.4626 24.2983 
5.4641 24.2583 
5.4656 24.2183 
5.4673 24.1784 
5.4690 24.1384 
5.4708 24.0985 
5.4727 24.0585 
5.4747 24.0185 
5.4767 23.9786 
5.4788 23.9387 
5.4810 23.8987 
5.4833 23.8588 
5.4857 23.8189 
5.4882 23.7789 
5.4907 23.7390 
5.4933 23.6991 
5.4960 23.6592 
5.4988 23.6193 
5.5017 23.5794 
5.5046 23.5395 
5.5077 23.4996 
5.5108 23.4597 
5.5140 23.4199 
5.5172 23.3800 
5.5206 23.3401 
5.5240 23.3003 
5.5275 23.2604 
5.5311 23.2206 
5.5348 23.1808 
5.5386 23.1409 
5.5424 23.1011 
5.5464 23.0613 
5.5504 23.0215 
5.5545 22.9817 
5.5586 22.9420 
5.5629 22.9022 
5.5672 22.8624 
5.5716 22.8227 
5.5761 22.7829 
5.5807 22.7432 
5.5854 22.7035 
5.5901 22.6637 
5.5949 22.6240 
5.5998 22.5843 
5.6048 22.5446 
5.6099 22.5050 
5.6150 22.4653 
5.6202 22.4256 
5.6255 22.3860 
5.6309 22.3464 
5.6364 22.3067 
5.6420 22.2671 
5.6476 22.2275 
5.6533 22.1879 
5.6591 22.1483 
5.6650 22.1088 
5.6709 22.0692 
5.6770 22.0297 
5.6831 21.9902 
5.6893 21.9506 
5.6956 21.9111 
5.7019 21.8716 
5.7084 21.8322 
5.7149 21.7927 
5.7215 21.7532 
5.7282 21.7138 
5.7349 21.6744 
5.7418 21.6350 
5.7487 21.5956 
5.7557 21.5562 
5.7628 21.5168 
5.7700 21.4775 
5.7772 21.4381 
5.7845 21.3988 
5.7919 21.3595 
5.7994 21.3202 
5.8070 21.2809 
5.8147 21.2417 
5.8224 21.2024 
5.8302 21.1632 
5.8381 21.1240 
5.8461 21.0848 
5.8541 21.0456 
5.8622 21.0064 
5.8704 20.9673 
5.8787 20.9282 
5.8871 20.8891 
5.8956 20.8500 
5.9041 20.8109 
5.9127 20.7718 
5.9214 20.7328 
5.9302 20.6937 
5.9390 20.6547 
5.9479 20.6157 
5.9570 20.5768 
5.9660 20.5378 
5.9752 20.4989 
5.9845 20.4600 
5.9938 20.4211 
6.0032 20.3822 
6.0127 20.3433 
6.0223 20.3045 
6.0319 20.2657 
6.0416 20.2269 
6.0514 20.1881 
6.0613 20.1493 
6.0713 20.1106 
6.0813 20.0719 
6.0915 20.0332 
6.1017 19.9945 
6.1119 19.9558 
6.1223 19.9172 
6.1327 19.8786 
6.1433 19.8400 
6.1538 19.8014 
6.1645 19.7629 
6.1753 19.7244 
6.1861 19.6859 
6.1970 19.6474 
6.2080 19.6089 
6.2191 19.5705 
6.2302 19.5321 
6.2415 19.4937 
6.2528 19.4553 
6.2642 19.4170 
6.2756 19.3786 
6.2872 19.3403 
6.2988 19.3021 
6.3105 19.2638 
6.3222 19.2256 
6.3341 19.1874 
6.3460 19.1492 
6.3580 19.1110 
6.3701 19.0729 
6.3823 19.0348 
6.3945 18.9967 
6.4069 18.9587 
6.4193 18.9206 
6.4317 18.8826 
6.4443 18.8447 
6.4569 18.8067 
6.4696 18.7688 
6.4824 18.7309 
6.4953 18.6930 
6.5082 18.6552 
6.5213 18.6173 
6.5344 18.5795 
6.5475 18.5418 
6.5608 18.5040 
6.5741 18.4663 
6.5875 18.4286 
6.6010 18.3910 
6.6146 18.3533 
6.6282 18.3157 
6.6419 18.2782 
6.6557 18.2406 
6.6696 18.2031 
6.6835 18.1656 
6.6975 18.1281 
6.7116 18.0907 
6.7258 18.0533 
6.7401 18.0159 
6.7544 17.9786 
6.7688 17.9413 
6.7833 17.9040 
6.7978 17.8667 
6.8125 17.8295 
6.8272 17.7923 
6.8420 17.7551 
6.8568 17.7180 
6.8718 17.6809 
6.8868 17.6438 
6.9019 17.6068 
6.9170 17.5698 
6.9323 17.5328 
6.9476 17.4958 
6.9630 17.4589 
6.9784 17.4220 
6.9940 17.3852 
7.0096 17.3483 
7.0253 17.3115 
7.0411 17.2748 
7.0569 17.2380 
7.0728 17.2014 
7.0888 17.1647 
7.1049 17.1281 
7.1210 17.0915 
7.1373 17.0549 
7.1535 17.0184 
7.1699 16.9819 
7.1864 16.9454 
7.2029 16.9090 
7.2195 16.8726 
7.2361 16.8362 
7.2529 16.7999 
7.2697 16.7636 
7.2866 16.7273 
7.3035 16.6911 
7.3206 16.6549 
7.3377 16.6188 
7.3549 16.5826 
7.3721 16.5466 
7.3895 16.5105 
7.4069 16.4745 
7.4244 16.4385 
7.4419 16.4026 
7.4595 16.3667 
7.4772 16.3308 
7.4950 16.2950 
7.5129 16.2592 
7.5308 16.2234 
7.5488 16.1877 
7.5668 16.1520 
7.5850 16.1163 
7.6032 16.0807 
7.6215 16.0452 
7.6398 16.0096 
7.6583 15.9741 
7.6768 15.9386 
7.6953 15.9032 
7.7140 15.8678 
7.7327 15.8325 
7.7515 15.7972 
7.7704 15.7619 
7.7893 15.7267 
7.8083 15.6915 
7.8274 15.6563 
7.8466 15.6212 
7.8658 15.5861 
7.8851 15.5511 
7.9044 15.5161 
7.9239 15.4811 
7.9434 15.4462 
7.9630 15.4113 
7.9826 15.3765 
8.0024 15.3417 
8.0222 15.3069 
8.0420 15.2722 
8.0620 15.2376 
8.0820 15.2029 
8.1021 15.1683 
8.1222 15.1338 
8.1424 15.0993 
8.1627 15.0648 
8.1831 15.0304 
8.2035 14.9960 
8.2240 14.9616 
8.2446 14.9273 
8.2652 14.8931 
8.2860 14.8588 
8.3067 14.8247 
8.3276 14.7905 
8.3485 14.7564 
8.3695 14.7224 
8.3906 14.6884 
8.4117 14.6544 
8.4329 14.6205 
8.4542 14.5866 
8.4755 14.5528 
8.4969 14.5190 
8.5184 14.4853 
8.5400 14.4516 
8.5616 14.4179 
8.5833 14.3843 
8.6050 14.3507 
8.6268 14.3172 
8.6487 14.2837 
8.6707 14.2503 
8.6927 14.2169 
8.7148 14.1836 
8.7370 14.1503 
8.7592 14.1170 
8.7815 14.0838 
8.8039 14.0507 
8.8263 14.0175 
8.8488 13.9845 
8.8714 13.9515 
8.8940 13.9185 
8.9167 13.8855 
8.9395 13.8527 
8.9624 13.8198 
8.9853 13.7870 
9.0082 13.7543 
9.0313 13.7216 
9.0544 13.6889 
9.0776 13.6563 
9.1008 13.6238 
9.1241 13.5913 
9.1475 13.5588 
9.1709 13.5264 
9.1944 13.4940 
9.2180 13.4617 
9.2417 13.4295 
9.2654 13.3973 
9.2891 13.3651 
9.3130 13.3330 
9.3369 13.3009 
9.3609 13.2689 
9.3849 13.2369 
9.4090 13.2050 
9.4332 13.1731 
9.4574 13.1413 
9.4817 13.1095 
9.5060 13.0778 
9.5305 13.0461 
9.5550 13.0145 
9.5795 12.9829 
9.6041 12.9514 
9.6288 12.9199 
9.6536 12.8885 
9.6784 12.8571 
9.7033 12.8258 
9.7282 12.7945 
9.7532 12.7633 
9.7783 12.7321 
9.8034 12.7010 
9.8286 12.6699 
9.8539 12.6389 
9.8792 12.6079 
9.9046 12.5770 
9.9300 12.5462 
9.9555 12.5154 
9.9811 12.4846 
10.0067 12.4539 
10.0324 12.4232 
10.0582 12.3927 
10.0840 12.3621 
10.1099 12.3316 
10.1359 12.3012 
10.1619 12.2708 
10.1880 12.2405 
10.2141 12.2102 
10.2403 12.1800 
10.2666 12.1498 
10.2929 12.1197 
10.3193 12.0896 
10.3457 12.0596 
10.3722 12.0296 
10.3988 11.9997 
10.4254 11.9699 
10.4521 11.9401 
10.4789 11.9104 
10.5057 11.8807 
10.5325 11.8510 
10.5595 11.8215 
10.5865 11.7919 
10.6135 11.7625 
10.6406 11.7331 
10.6678 11.7037 
10.6950 11.6744 
10.7223 11.6452 
10.7497 11.6160 
10.7771 11.5869 
10.8046 11.5578 
10.8321 11.5288 
10.8597 11.4998 
10.8874 11.4709 
10.9151 11.4421 
10.9428 11.4133 
10.9707 11.3846 
10.9986 11.3559 
11.0265 11.3273 
11.0545 11.2987 
11.0826 11.2702 
11.1107 11.2417 
11.1389 11.2134 
11.1671 11.1850 
11.1954 11.1568 
11.2238 11.1285 
11.2522 11.1004 
11.2806 11.0723 
11.3092 11.0442 
11.3377 11.0163 
11.3664 10.9883 
11.3951 10.9605 
11.4238 10.9327 
11.4526 10.9049 
11.4815 10.8772 
11.5104 10.8496 
11.5394 10.8220 
11.5684 10.7945 
11.5975 10.7671 
11.6267 10.7397 
11.6559 10.7123 
11.6852 10.6851 
11.7145 10.6578 
11.7438 10.6307 
11.7733 10.6036 
11.8028 10.5766 
11.8323 10.5496 
11.8619 10.5227 
11.8915 10.4958 
11.9212 10.4690 
11.9510 10.4423 
11.9808 10.4156 
12.0107 10.3890 
12.0406 10.3625 
12.0706 10.3360 
12.1006 10.3096 
12.1307 10.2832 
12.1608 10.2569 
12.1910 10.2307 
12.2213 10.2045 
12.2516 10.1784 
12.2819 10.1523 
12.3123 10.1264 
12.3428 10.1004 
12.3733 10.0746 
12.4039 10.0488 
12.4345 10.0230 
12.4651 9.9973 
12.4959 9.9717 
12.5266 9.9462 
12.5575 9.9207 
12.5883 9.8953 
12.6193 9.8699 
12.6503 9.8446 
12.6813 9.8194 
12.7124 9.7942 
12.7435 9.7691 
12.7747 9.7440 
12.8059 9.7190 
12.8372 9.6941 
12.8686 9.6693 
12.9000 9.6445 
12.9314 9.6198 
12.9629 9.5951 
12.9945 9.5705 
13.0260 9.5460 
13.0577 9.5215 
13.0894 9.4971 
13.1211 9.4728 
13.1529 9.4485 
13.1848 9.4243 
13.2167 9.4001 
13.2486 9.3761 
13.2806 9.3521 
13.3126 9.3281 
13.3447 9.3042 
13.3769 9.2804 
13.4091 9.2567 
13.4413 9.2330 
13.4736 9.2094 
13.5059 9.1858 
13.5383 9.1623 
13.5707 9.1389 
13.6032 9.1156 
13.6357 9.0923 
13.6683 9.0691 
13.7009 9.0459 
13.7336 9.0228 
13.7663 8.9998 
13.7990 8.9769 
13.8319 8.9540 
13.8647 8.9312 
13.8976 8.9084 
13.9306 8.8857 
13.9635 8.8631 
13.9966 8.8406 
14.0297 8.8181 
14.0628 8.7957 
14.0960 8.7733 
14.1292 8.7511 
14.1625 8.7288 
14.1958 8.7067 
14.2291 8.6846 
14.2626 8.6626 
14.2960 8.6407 
14.3295 8.6188 
14.3630 8.5970 
14.3966 8.5753 
14.4302 8.5536 
14.4639 8.5320 
14.4976 8.5105 
14.5314 8.4891 
14.5652 8.4677 
14.5990 8.4464 
14.6329 8.4251 
14.6669 8.4039 
14.7008 8.3828 
14.7349 8.3618 
14.7689 8.3408 
14.8030 8.3199 
14.8372 8.2991 
14.8714 8.2784 
14.9056 8.2577 
14.9399 8.2370 
14.9742 8.2165 
15.0086 8.1960 
15.0430 8.1756 
15.0774 8.1553 
15.1119 8.1350 
15.1464 8.1148 
15.1810 8.0947 
15.2156 8.0746 
15.2503 8.0546 
15.2849 8.0347 
15.3197 8.0149 
15.3545 7.9951 
15.3893 7.9754 
15.4241 7.9558 
15.4590 7.9362 
15.4939 7.9168 
15.5289 7.8973 
15.5639 7.8780 
15.5990 7.8587 
15.6341 7.8395 
15.6692 7.8204 
15.7044 7.8013 
15.7396 7.7824 
15.7748 7.7634 
15.8101 7.7446 
15.8454 7.7258 
15.8808 7.7071 
15.9162 7.6885 
15.9516 7.6700 
15.9871 7.6515 
16.0226 7.6331 
16.0582 7.6148 
16.0938 7.5965 
16.1294 7.5783 
16.1651 7.5602 
16.2008 7.5422 
16.2365 7.5242 
16.2723 7.5063 
16.3081 7.4885 
16.3439 7.4707 
16.3798 7.4531 
16.4157 7.4355 
16.4517 7.4179 
16.4877 7.4005 
16.5237 7.3831 
16.5598 7.3658 
16.5959 7.3486 
16.6320 7.3314 
16.6682 7.3143 
16.7044 7.2973 
16.7406 7.2804 
16.7769 7.2635 
16.8132 7.2467 
16.8495 7.2300 
16.8859 7.2134 
16.9223 7.1968 
16.9588 7.1803 
16.9952 7.1639 
17.0317 7.1476 
17.0683 7.1313 
17.1049 7.1151 
17.1415 7.0990 
17.1781 7.0829 
17.2148 7.0670 
17.2515 7.0511 
17.2882 7.0353 
17.3250 7.0195 
17.3618 7.0039 
17.3987 6.9883 
17.4355 6.9728 
17.4724 6.9573 
17.5094 6.9420 
17.5463 6.9267 
17.5833 6.9115 
17.6203 6.8963 
17.6574 6.8813 
17.6945 6.8663 
17.7316 6.8514 
17.7687 6.8365 
17.8059 6.8218 
17.8431 6.8071 
17.8804 6.7925 
17.9176 6.7780 
17.9549 6.7635 
17.9923 6.7491 
18.0296 6.7348 
18.0670 6.7206 
18.1044 6.7065 
18.1419 6.6924 
18.1793 6.6784 
18.2168 6.6645 
18.2544 6.6506 
18.2919 6.6369 
18.3295 6.6232 
18.3671 6.6096 
18.4048 6.5960 
18.4424 6.5826 
18.4801 6.5692 
18.5179 6.5559 
18.5556 6.5427 
18.5934 6.5295 
18.6312 6.5165 
18.6690 6.5035 
18.7069 6.4906 
18.7448 6.4777 
18.7827 6.4650 
18.8206 6.4523 
18.8586 6.4397 
18.8966 6.4272 
18.9346 6.4147 
18.9726 6.4023 
19.0107 6.3900 
19.0488 6.3778 
19.0869 6.3657 
19.1250 6.3536 
19.1632 6.3416 
19.2014 6.3297 
19.2396 6.3179 
19.2778 6.3062 
19.3161 6.2945 
19.3544 6.2829 
19.3927 6.2714 
19.4310 6.2600 
19.4694 6.2486 
19.5077 6.2373 
19.5461 6.2261 
19.5846 6.2150 
19.6230 6.2040 
19.6615 6.1930 
19.7000 6.1821 
19.7385 6.1713 
19.7770 6.1606 
19.8156 6.1500 
19.8541 6.1394 
19.8927 6.1289 
19.9314 6.1185 
19.9700 6.1082 
20.0087 6.0979 
20.0474 6.0877 
20.0861 6.0776 
20.1248 6.0676 
20.1635 6.0577 
20.2023 6.0478 
20.2411 6.0381 
20.2799 6.0284 
20.3187 6.0187 
20.3576 6.0092 
20.3964 5.9997 
20.4353 5.9904 
20.4742 5.9811 
20.5131 5.9718 
20.5521 5.9627 
20.5911 5.9536 
20.6300 5.9447 
20.6690 5.9358 
20.7080 5.9269 
20.7471 5.9182 
20.7861 5.9095 
20.8252 5.9010 
20.8643 5.8925 
20.9034 5.8840 
20.9425 5.8757 
20.9816 5.8674 
21.0208 5.8592 
21.0600 5.8511 
21.0992 5.8431 
21.1384 5.8352 
21.1776 5.8273 
21.2168 5.8195 
21.2561 5.8118 
21.2953 5.8042 
21.3346 5.7967 
21.3739 5.7892 
21.4132 5.7818 
21.4526 5.7745 
21.4919 5.7673 
21.5313 5.7602 
21.5706 5.7531 
21.6100 5.7462 
21.6494 5.7393 
21.6888 5.7324 
21.7283 5.7257 
21.7677 5.7191 
21.8072 5.7125 
21.8466 5.7060 
21.8861 5.6996 
21.9256 5.6932 
21.9651 5.6870 
22.0046 5.6808 
22.0442 5.6747 
22.0837 5.6687 
22.1233 5.6628 
22.1628 5.6570 
22.2024 5.6512 
22.2420 5.6455 
22.2816 5.6399 
22.3212 5.6344 
22.3609 5.6290 
22.4005 5.6236 
22.4402 5.6183 
22.4798 5.6131 
22.5195 5.6080 
22.5592 5.6030 
22.5989 5.5980 
22.6386 5.5931 
22.6783 5.5884 
22.7180 5.5836 
22.7577 5.5790 
22.7975 5.5745 
22.8372 5.5700 
22.8770 5.5656 
22.9168 5.5613 
22.9565 5.5571 
22.9963 5.5529 
23.0361 5.5489 
23.0759 5.5449 
23.1157 5.5410 
23.1555 5.5372 
23.1954 5.5335 
23.2352 5.5298 
23.2750 5.5262 
23.3149 5.5228 
23.3547 5.5194 
23.3946 5.5160 
23.4345 5.5128 
23.4743 5.5096 
23.5142 5.5065 
23.5541 5.5035 
23.5940 5.5006 
23.6339 5.4978 
23.6738 5.4950 
23.7137 5.4924 
23.7536 5.4898 
23.7936 5.4873 
23.8335 5.4848 
23.8734 5.4825 
23.9134 5.4802 
23.9533 5.4780 
23.9932 5.4759 
24.0332 5.4739 
24.0731 5.4720 
24.1131 5.4701 
24.1531 5.4684 
24.1930 5.4667 
24.2330 5.4651 
24.2730 5.4635 
24.3129 5.4621 
24.3529 5.4607 
24.3929 5.4594 
24.4329 5.4582 
24.4729 5.4571 
24.5128 5.4561 
24.5528 5.4551 
24.5928 5.4542 
24.6328 5.4534 
24.6728 5.4527 
24.7128 5.4521 
24.7528 5.4516 
24.7928 5.4511 
24.8328 5.4507 
24.8728 5.4504 
24.9128 5.4502 
24.9528 5.4501 
24.9928 5.4500 
25.0328 5.4500 
25.0728 5.4501 
25.1128 5.4503 
25.1528 5.4506 
25.1928 5.4510 
25.2328 5.4514 
25.2728 5.4519 
25.3128 5.4525 
25.3528 5.4532 
25.3928 5.4539 
25.4328 5.4548 
25.4727 5.4557 
25.5127 5.4567 
25.5527 5.4578 
25.5927 5.4590 
25.6327 5.4602 
25.6727 5.4616 
25.7126 5.4630 
25.7526 5.4645 
25.7926 5.4661 
25.8325 5.4677 
25.8725 5.4695 
25.9125 5.4713 
25.9524 5.4732 
25.9924 5.4752 
26.0323 5.4773 
26.0723 5.4794 
26.1122 5.4817 
26.1521 5.4840 
26.1921 5.4864 
26.2320 5.4889 
26.2719 5.4914 
26.3118 5.4941 
26.3517 5.4968 
26.3916 5.4996 
26.4315 5.5025 
26.4714 5.5055 
26.5113 5.5085 
26.5512 5.5116 
26.5910 5.5148 
26.6309 5.5181 
26.6708 5.5215 
26.7106 5.5250 
26.7504 5.5285 
26.7903 5.5321 
26.8301 5.5358 
26.8699 5.5396 
26.9097 5.5435 
26.9495 5.5474 
26.9893 5.5515 
27.0291 5.5556 
27.0689 5.5598 
27.1087 5.5641 
27.1484 5.5684 
27.1882 5.5728 
27.2279 5.5774 
27.2677 5.5820 
27.3074 5.5866 
27.3471 5.5914 
27.3868 5.5962 
27.4265 5.6012 
27.4662 5.6062 
27.5059 5.6113 
27.5455 5.6164 
27.5852 5.6217 
27.6248 5.6270 
27.6645 5.6324 
27.7041 5.6379 
27.7437 5.6435 
27.7833 5.6491 
27.8229 5.6549 
27.8625 5.6607 
27.9020 5.6666 
27.9416 5.6726 
27.9811 5.6786 
28.0206 5.6848 
28.0602 5.6910 
28.0997 5.6973 
28.1391 5.7037 
28.1786 5.7101 
28.2181 5.7167 
28.2575 5.7233 
28.2970 5.7300 
28.3364 5.7368 
28.3758 5.7437 
28.4152 5.7506 
28.4546 5.7576 
28.4939 5.7647 
28.5333 5.7719 
28.5726 5.7792 
28.6119 5.7866 
28.6512 5.7940 
28.6905 5.8015 
28.7298 5.8091 
28.7690 5.8168 
28.8083 5.8245 
28.8475 5.8323 
28.8867 5.8403 
28.9259 5.8482 
28.9651 5.8563 
29.0043 5.8645 
29.0434 5.8727 
29.0825 5.8810 
29.1216 5.8894 
29.1607 5.8979 
29.1998 5.9064 
29.2389 5.9151 
29.2779 5.9238 
29.3169 5.9326 
29.3559 5.9414 
29.3949 5.9504 
29.4339 5.9594 
29.4728 5.9685 
29.5118 5.9777 
29.5507 5.9870 
29.5896 5.9964 
29.6284 6.0058 
29.6673 6.0153 
29.7061 6.0249 
29.7449 6.0346 
29.7837 6.0443 
29.8225 6.0541 
29.8613 6.0640 
29.9000 6.0740 
29.9387 6.0841 
29.9774 6.0942 
30.0161 6.1045 
30.0547 6.1148 
30.0933 6.1251 
30.1320 6.1356 
30.1705 6.1461 
30.2091 6.1568 
30.2476 6.1675 
30.2862 6.1782 
30.3247 6.1891 
30.3631 6.2000 
30.4016 6.2110 
30.4400 6.2221 
30.4784 6.2333 
30.5168 6.2445 
30.5552 6.2559 
30.5935 6.2673 
30.6318 6.2788 
30.6701 6.2903 
30.7084 6.3020 
30.7466 6.3137 
30.7849 6.3255 
30.8231 6.3374 
30.8612 6.3493 
30.8994 6.3613 
30.9375 6.3734 
30.9756 6.3856 
31.0137 6.3979 
31.0517 6.4102 
31.0897 6.4227 
31.1277 6.4352 
31.1657 6.4477 
31.2037 6.4604 
31.2416 6.4731 
31.2795 6.4859 
31.3173 6.4988 
31.3552 6.5118 
31.3930 6.5248 
31.4308 6.5379 
31.4685 6.5511 
31.5063 6.5644 
31.5440 6.5778 
31.5817 6.5912 
31.6193 6.6047 
31.6569 6.6183 
31.6945 6.6319 
31.7321 6.6457 
31.7696 6.6595 
31.8072 6.6734 
31.8446 6.6873 
31.8821 6.7014 
31.9195 6.7155 
31.9569 6.7297 
31.9943 6.7440 
32.0316 6.7583 
32.0689 6.7727 
32.1062 6.7872 
32.1435 6.8018 
32.1807 6.8165 
32.2179 6.8312 
32.2550 6.8460 
32.2921 6.8609 
32.3292 6.8759 
32.3663 6.8909 
32.4033 6.9060 
32.4404 6.9212 
32.4773 6.9364 
32.5143 6.9518 
32.5512 6.9672 
32.5881 6.9827 
32.6249 6.9982 
32.6617 7.0139 
32.6985 7.0296 
32.7353 7.0454 
32.7720 7.0612 
32.8087 7.0772 
32.8453 7.0932 
32.8819 7.1093 
32.9185 7.1255 
32.9551 7.1417 
32.9916 7.1580 
33.0281 7.1744 
33.0646 7.1909 
33.1010 7.2074 
33.1374 7.2240 
33.1737 7.2407 
33.2100 7.2575 
33.2463 7.2743 
33.2826 7.2912 
33.3188 7.3082 
33.3550 7.3252 
33.3911 7.3424 
33.4272 7.3596 
33.4633 7.3769 
33.4993 7.3942 
33.5353 7.4116 
33.5713 7.4291 
33.6072 7.4467 
33.6431 7.4644 
33.6790 7.4821 
33.7148 7.4999 
33.7506 7.5177 
33.7864 7.5357 
33.8221 7.5537 
33.8578 7.5718 
33.8934 7.5899 
33.9290 7.6082 
33.9646 7.6265 
34.0001 7.6449 
34.0356 7.6633 
34.0710 7.6818 
34.1065 7.7004 
34.1418 7.7191 
34.1772 7.7378 
34.2125 7.7567 
34.2477 7.7755 
34.2829 7.7945 
34.3181 7.8135 
34.3533 7.8326 
34.3884 7.8518 
34.4234 7.8710 
34.4585 7.8904 
34.4935 7.9097 
34.5284 7.9292 
34.5633 7.9487 
34.5982 7.9683 
34.6330 7.9880 
34.6678 8.0078 
34.7025 8.0276 
34.7373 8.0475 
34.7719 8.0674 
34.8065 8.0875 
34.8411 8.1076 
34.8757 8.1277 
34.9102 8.1480 
34.9446 8.1683 
34.9790 8.1887 
35.0134 8.2091 
35.0478 8.2296 
35.0820 8.2502 
35.1163 8.2709 
35.1505 8.2916 
35.1847 8.3124 
35.2188 8.3333 
35.2529 8.3542 
35.2869 8.3753 
35.3209 8.3963 
35.3548 8.4175 
35.3888 8.4387 
35.4226 8.4600 
35.4564 8.4814 
35.4902 8.5028 
35.5239 8.5243 
35.5576 8.5459 
35.5913 8.5675 
35.6249 8.5892 
35.6584 8.6110 
35.6919 8.6328 
35.7254 8.6547 
35.7588 8.6767 
35.7922 8.6987 
35.8255 8.7209 
35.8588 8.7430 
35.8921 8.7653 
35.9252 8.7876 
35.9584 8.8100 
35.9915 8.8325 
36.0246 8.8550 
36.0576 8.8776 
36.0905 8.9002 
36.1234 8.9230 
36.1563 8.9457 
36.1891 8.9686 
36.2219 8.9915 
36.2547 9.0145 
36.2873 9.0376 
36.3200 9.0607 
36.3526 9.0839 
36.3851 9.1072 
36.4176 9.1305 
36.4500 9.1539 
36.4824 9.1774 
36.5148 9.2009 
36.5471 9.2245 
36.5793 9.2481 
36.6115 9.2719 
36.6437 9.2956 
36.6758 9.3195 
36.7079 9.3434 
36.7399 9.3674 
36.7718 9.3915 
36.8037 9.4156 
36.8356 9.4398 
36.8674 9.4640 
36.8992 9.4883 
36.9309 9.5127 
36.9626 9.5372 
36.9942 9.5617 
37.0257 9.5862 
37.0572 9.6109 
37.0887 9.6356 
37.1201 9.6603 
37.1515 9.6852 
37.1828 9.7101 
37.2140 9.7350 
37.2453 9.7600 
37.2764 9.7851 
37.3075 9.8103 
37.3386 9.8355 
37.3696 9.8608 
37.4005 9.8861 
37.4314 9.9115 
37.4623 9.9370 
37.4931 9.9625 
37.5238 9.9881 
37.5545 10.0138 
37.5851 10.0395 
37.6157 10.0653 
37.6462 10.0911 
37.6767 10.1170 
37.7071 10.1430 
37.7375 10.1690 
37.7678 10.1951 
37.7981 10.2213 
37.8283 10.2475 
37.8585 10.2737 
37.8886 10.3001 
37.9186 10.3265 
37.9486 10.3529 
37.9785 10.3795 
38.0084 10.4061 
38.0383 10.4327 
38.0680 10.4594 
38.0978 10.4862 
38.1274 10.5130 
38.1570 10.5399 
38.1866 10.5668 
38.2161 10.5939 
38.2456 10.6209 
38.2750 10.6481 
38.3043 10.6753 
38.3336 10.7025 
38.3628 10.7298 
38.3920 10.7572 
38.4211 10.7846 
38.4501 10.8121 
38.4791 10.8397 
38.5081 10.8673 
38.5370 10.8949 
38.5658 10.9227 
38.5946 10.9504 
38.6233 10.9783 
38.6520 11.0062 
38.6806 11.0342 
38.7091 11.0622 
38.7376 11.0902 
38.7660 11.1184 
38.7944 11.1466 
38.8227 11.1748 
38.8510 11.2031 
38.8792 11.2315 
38.9073 11.2599 
38.9354 11.2884 
38.9634 11.3170 
38.9914 11.3456 
39.0193 11.3742 
39.0471 11.4029 
39.0749 11.4317 
39.1027 11.4605 
39.1303 11.4894 
39.1579 11.5183 
39.1855 11.5473 
39.2130 11.5764 
39.2404 11.6055 
39.2678 11.6347 
39.2951 11.6639 
39.3224 11.6932 
39.3496 11.7225 
39.3767 11.7519 
39.4038 11.7813 
39.4308 11.8108 
39.4578 11.8404 
39.4847 11.8700 
39.5115 11.8997 
39.5383 11.9294 
39.5650 11.9591 
39.5916 11.9890 
39.6182 12.0189 
39.6447 12.0488 
39.6712 12.0788 
39.6976 12.1088 
39.7240 12.1389 
39.7503 12.1691 
39.7765 12.1993 
39.8026 12.2295 
39.8287 12.2599 
39.8548 12.2902 
39.8807 12.3206 
39.9067 12.3511 
39.9325 12.3816 
39.9583 12.4122 
39.9840 12.4429 
40.0097 12.4735 
40.0353 12.5043 
40.0608 12.5351 
40.0863 12.5659 
40.1117 12.5968 
40.1370 12.6277 
40.1623 12.6587 
40.1875 12.6898 
40.2127 12.7209 
40.2378 12.7520 
40.2628 12.7832 
40.2878 12.8145 
40.3127 12.8458 
40.3375 12.8772 
40.3623 12.9086 
40.3870 12.9400 
40.4116 12.9715 
40.4362 13.0031 
40.4607 13.0347 
40.4852 13.0663 
40.5096 13.0981 
40.5339 13.1298 
40.5581 13.1616 
40.5823 13.1935 
40.6064 13.2254 
40.6305 13.2573 
40.6545 13.2893 
40.6784 13.3214 
40.7023 13.3535 
40.7261 13.3857 
40.7498 13.4179 
40.7735 13.4501 
40.7971 13.4824 
40.8206 13.5147 
40.8441 13.5471 
40.8675 13.5796 
40.8908 13.6121 
40.9141 13.6446 
40.9373 13.6772 
40.9604 13.7098 
40.9835 13.7425 
41.0065 13.7752 
41.0294 13.8080 
41.0523 13.8408 
41.0751 13.8737 
41.0978 13.9066 
41.1205 13.9396 
41.1431 13.9726 
41.1656 14.0056 
41.1880 14.0387 
41.2104 14.0719 
41.2328 14.1051 
41.2550 14.1383 
41.2772 14.1716 
41.2993 14.2049 
41.3214 14.2383 
41.3434 14.2717 
41.3653 14.3051 
41.3871 14.3387 
41.4089 14.3722 
41.4306 14.4058 
41.4523 14.4394 
41.4738 14.4731 
41.4953 14.5069 
41.5168 14.5406 
41.5381 14.5744 
41.5594 14.6083 
41.5807 14.6422 
41.6018 14.6762 
41.6229 14.7101 
41.6439 14.7442 
41.6649 14.7782 
41.6858 14.8124 
41.7066 14.8465 
41.7273 14.8807 
41.7480 14.9150 
41.7686 14.9493 
41.7891 14.9836 
41.8096 15.0180 
41.8300 15.0524 
41.8503 15.0868 
41.8705 15.1213 
41.8907 15.1559 
41.9108 15.1905 
41.9308 15.2251 
41.9508 15.2597 
41.9707 15.2944 
41.9905 15.3292 
42.0103 15.3640 
42.0299 15.3988 
42.0496 15.4337 
42.0691 15.4686 
42.0886 15.5035 
42.1080 15.5385 
42.1273 15.5735 
42.1465 15.6086 
42.1657 15.6437 
42.1848 15.6788 
42.2039 15.7140 
42.2228 15.7492 
42.2417 15.7845 
42.2605 15.8198 
42.2793 15.8551 
42.2979 15.8905 
42.3166 15.9259 
42.3351 15.9613 
42.3535 15.9968 
42.3719 16.0323 
42.3902 16.0679 
42.4085 16.1035 
42.4266 16.1391 
42.4447 16.1748 
42.4628 16.2105 
42.4807 16.2463 
42.4986 16.2821 
42.5164 16.3179 
42.5341 16.3537 
42.5518 16.3896 
42.5693 16.4256 
42.5868 16.4615 
42.6043 16.4975 
42.6216 16.5336 
42.6389 16.5696 
42.6561 16.6057 
42.6733 16.6419 
42.6903 16.6781 
42.7073 16.7143 
42.7242 16.7505 
42.7411 16.7868 
42.7578 16.8231 
42.7745 16.8595 
42.7912 16.8959 
42.8077 16.9323 
42.8242 16.9687 
42.8406 17.0052 
42.8569 17.0417 
42.8731 17.0783 
42.8893 17.1149 
42.9054 17.1515 
42.9214 17.1881 
42.9374 17.2248 
42.9532 17.2615 
42.9690 17.2983 
42.9848 17.3351 
43.0004 17.3719 
43.0160 17.4087 
43.0315 17.4456 
43.0469 17.4825 
43.0622 17.5195 
43.0775 17.5564 
43.0927 17.5934 
43.1078 17.6305 
43.1228 17.6675 
43.1378 17.7046 
43.1527 17.7418 
43.1675 17.7789 
43.1822 17.8161 
43.1969 17.8533 
43.2115 17.8906 
43.2260 17.9278 
43.2404 17.9651 
43.2548 18.0025 
43.2691 18.0398 
43.2833 18.0772 
43.2974 18.1147 
43.3114 18.1521 
43.3254 18.1896 
43.3393 18.2271 
43.3531 18.2646 
43.3669 18.3022 
43.3805 18.3398 
43.3941 18.3774 
43.4076 18.4151 
43.4211 18.4527 
43.4344 18.4904 
43.4477 18.5282 
43.4609 18.5659 
43.4740 18.6037 
43.4871 18.6415 
43.5001 18.6794 
43.5129 18.7172 
43.5258 18.7551 
43.5385 18.7930 
43.5512 18.8310 
43.5637 18.8690 
43.5763 18.9069 
43.5887 18.9450 
43.6010 18.9830 
43.6133 19.0211 
43.6255 19.0592 
43.6376 19.0973 
43.6497 19.1354 
43.6616 19.1736 
43.6735 19.2118 
43.6853 19.2500 
43.6970 19.2883 
43.7087 19.3265 
43.7202 19.3648 
43.7317 19.4031 
43.7431 19.4415 
43.7545 19.4798 
43.7657 19.5182 
43.7769 19.5566 
43.7880 19.5951 
43.7990 19.6335 
43.8100 19.6720 
43.8208 19.7105 
43.8316 19.7490 
43.8423 19.7875 
43.8529 19.8261 
43.8635 19.8647 
43.8740 19.9033 
43.8843 19.9419 
43.8947 19.9806 
43.9049 20.0192 
43.9150 20.0579 
43.9251 20.0966 
43.9351 20.1354 
43.9450 20.1741 
43.9548 20.2129 
43.9646 20.2517 
43.9743 20.2905 
43.9839 20.3293 
43.9934 20.3682 
44.0028 20.4071 
44.0122 20.4460 
44.0215 20.4849 
44.0307 20.5238 
44.0398 20.5627 
44.0488 20.6017 
44.0578 20.6407 
44.0667 20.6797 
44.0755 20.7187 
44.0842 20.7577 
44.0928 20.7968 
44.1014 20.8359 
44.1099 20.8750 
44.1183 20.9141 
44.1266 20.9532 
44.1348 20.9923 
44.1430 21.0315 
44.1511 21.0707 
44.1591 21.1099 
44.1670 21.1491 
44.1748 21.1883 
44.1826 21.2275 
44.1902 21.2668 
44.1978 21.3061 
44.2054 21.3454 
44.2128 21.3847 
44.2202 21.4240 
44.2274 21.4633 
44.2346 21.5027 
44.2417 21.5420 
44.2488 21.5814 
44.2557 21.6208 
44.2626 21.6602 
44.2694 21.6996 
44.2761 21.7390 
44.2827 21.7785 
44.2893 21.8179 
44.2958 21.8574 
44.3022 21.8969 
44.3085 21.9364 
44.3147 21.9759 
44.3208 22.0154 
44.3269 22.0550 
44.3329 22.0945 
44.3388 22.1341 
44.3446 22.1737 
44.3504 22.2133 
44.3560 22.2528 
44.3616 22.2925 
44.3671 22.3321 
44.3725 22.3717 
44.3779 22.4114 
44.3831 22.4510 
44.3883 22.4907 
44.3934 22.5303 
44.3984 22.5700 
44.4033 22.6097 
44.4082 22.6494 
44.4129 22.6891 
44.4176 22.7289 
44.4222 22.7686 
44.4268 22.8083 
44.4312 22.8481 
44.4356 22.8879 
44.4399 22.9276 
44.4440 22.9674 
44.4482 23.0072 
44.4522 23.0470 
44.4562 23.0868 
44.4600 23.1266 
44.4638 23.1664 
44.4675 23.2063 
44.4712 23.2461 
44.4747 23.2859 
44.4782 23.3258 
44.4816 23.3656 
44.4849 23.4055 
44.4881 23.4454 
44.4912 23.4852 
44.4943 23.5251 
44.4973 23.5650 
44.5002 23.6049 
44.5030 23.6448 
44.5057 23.6847 
44.5084 23.7246 
44.5109 23.7646 
44.5134 23.8045 
44.5158 23.8444 
44.5181 23.8843 
44.5204 23.9243 
44.5225 23.9642 
44.5246 24.0042 
44.5266 24.0441 
44.5285 24.0841 
44.5304 24.1240 
44.5321 24.1640 
44.5338 24.2039 
44.5354 24.2439 
44.5369 24.2839 
44.5383 24.3239 
44.5396 24.3638 
44.5409 24.4038 
44.5421 24.4438 
44.5432 24.4838 
44.5442 24.5238 
44.5451 24.5638 
44.5460 24.6038 
44.5468 24.6437 
44.5474 24.6837 
44.5480 24.7237 
44.5486 24.7637 
44.5490 24.8037 
44.5494 24.8437 
44.5497 24.8837 
44.5499 24.9237 
