0.2128 0.3442 
0.4256 0.3441 
0.6384 0.3441 
0.8512 0.3440 
1.0640 0.3439 
1.2768 0.3437 
1.4896 0.3435 
1.7024 0.3433 
1.9152 0.3430 
2.1280 0.3427 
2.3408 0.3424 
2.5536 0.3420 
2.7664 0.3416 
2.9792 0.3412 
3.1920 0.3407 
3.4048 0.3402 
3.6176 0.3397 
3.8304 0.3391 
4.0432 0.3385 
4.2560 0.3378 
4.4688 0.3372 
4.6816 0.3364 
4.8944 0.3357 
5.1072 0.3349 
5.3200 0.3341 
5.5328 0.3332 
5.7456 0.3323 
5.9584 0.3314 
6.1712 0.3304 
6.3840 0.3294 
6.5968 0.3284 
6.8096 0.3273 
7.0224 0.3262 
7.2352 0.3251 
7.4480 0.3239 
7.6608 0.3227 
7.8736 0.3214 
8.0864 0.3202 
8.2992 0.3188 
8.5120 0.3175 
8.7248 0.3161 
8.9376 0.3147 
9.1504 0.3132 
9.3632 0.3117 
9.5760 0.3102 
9.7888 0.3086 
10.0016 0.3070 
10.2144 0.3054 
10.4272 0.3037 
10.6400 0.3020 
10.8528 0.3003 
11.0656 0.2985 
11.2784 0.2967 
11.4912 0.2948 
11.7040 0.2930 
11.9168 0.2910 
12.1296 0.2891 
12.3424 0.2871 
12.5552 0.2851 
12.7680 0.2830 
12.9808 0.2810 
13.1936 0.2789 
13.4064 0.2768 
13.6192 0.2748 
13.8320 0.2727 
14.0448 0.2706 
14.2576 0.2686 
14.4704 0.2665 
14.6832 0.2645 
14.8960 0.2625 
15.1088 0.2605 
15.3216 0.2585 
15.5344 0.2565 
15.7472 0.2546 
15.9600 0.2526 
16.1728 0.2507 
16.3856 0.2488 
16.5984 0.2468 
16.8112 0.2449 
17.0240 0.2430 
17.2368 0.2411 
17.4496 0.2393 
17.6624 0.2374 
17.8752 0.2356 
18.0880 0.2337 
18.3008 0.2319 
18.5136 0.2301 
18.7264 0.2283 
18.9392 0.2265 
19.1520 0.2247 
19.3648 0.2230 
19.5776 0.2212 
19.7904 0.2195 
20.0032 0.2177 
20.2160 0.2160 
20.4288 0.2143 
20.6416 0.2126 
20.8544 0.2109 
21.0672 0.2092 
21.2800 0.2076 
21.4928 0.2059 
21.7056 0.2042 
21.9184 0.2026 
22.1312 0.2010 
22.3440 0.1994 
22.5568 0.1978 
22.7696 0.1962 
22.9824 0.1946 
23.1952 0.1930 
23.4080 0.1915 
23.6208 0.1899 
23.8336 0.1884 
24.0464 0.1868 
24.2592 0.1853 
24.4720 0.1838 
24.6848 0.1823 
24.8976 0.1808 
25.1104 0.1793 
25.3232 0.1779 
25.5360 0.1764 
25.7488 0.1749 
25.9616 0.1735 
26.1744 0.1721 
26.3872 0.1706 
26.6000 0.1692 
26.8128 0.1678 
27.0256 0.1664 
27.2384 0.1651 
27.4512 0.1637 
27.6640 0.1623 
27.8768 0.1610 
28.0896 0.1596 
28.3024 0.1583 
28.5152 0.1570 
28.7280 0.1556 
28.9408 0.1543 
29.1536 0.1530 
29.3664 0.1517 
29.5792 0.1504 
29.7920 0.1492 
30.0048 0.1479 
30.2176 0.1467 
30.4304 0.1454 
30.6432 0.1442 
30.8560 0.1429 
31.0688 0.1417 
31.2816 0.1405 
31.4944 0.1393 
31.7072 0.1381 
31.9200 0.1369 
32.1328 0.1357 
32.3456 0.1346 
32.5584 0.1334 
32.7712 0.1323 
32.9840 0.1311 
33.1968 0.1300 
33.4096 0.1288 
33.6224 0.1277 
33.8352 0.1266 
34.0480 0.1255 
34.2608 0.1244 
34.4736 0.1233 
34.6864 0.1222 
34.8992 0.1212 
35.1120 0.1201 
35.3248 0.1190 
35.5376 0.1180 
35.7504 0.1169 
35.9632 0.1159 
36.1760 0.1149 
36.3888 0.1139 
36.6016 0.1129 
36.8144 0.1118 
37.0272 0.1108 
37.2400 0.1099 
37.4528 0.1089 
37.6656 0.1079 
37.8784 0.1069 
38.0912 0.1060 
38.3040 0.1050 
38.5168 0.1041 
38.7296 0.1031 
38.9424 0.1022 
39.1552 0.1013 
39.3680 0.1003 
39.5808 0.0994 
39.7936 0.0985 
40.0064 0.0976 
40.2192 0.0967 
40.4320 0.0958 
40.6448 0.0950 
40.8576 0.0941 
41.0704 0.0932 
41.2832 0.0924 
41.4960 0.0915 
41.7088 0.0907 
41.9216 0.0898 
42.1344 0.0890 
42.3472 0.0882 
42.5600 0.0873 
42.7728 0.0865 
42.9856 0.0857 
43.1984 0.0849 
43.4112 0.0841 
43.6240 0.0833 
43.8368 0.0825 
44.0496 0.0817 
44.2624 0.0810 
44.4752 0.0802 
44.6880 0.0794 
44.9008 0.0787 
45.1136 0.0779 
45.3264 0.0772 
45.5392 0.0765 
45.7520 0.0757 
45.9648 0.0750 
46.1776 0.0743 
46.3904 0.0736 
46.6032 0.0728 
46.8160 0.0721 
47.0288 0.0714 
47.2416 0.0707 
47.4544 0.0701 
47.6672 0.0694 
47.8800 0.0687 
48.0928 0.0680 
48.3056 0.0673 
48.5184 0.0667 
48.7312 0.0660 
48.9440 0.0654 
49.1568 0.0647 
49.3696 0.0641 
49.5824 0.0634 
49.7952 0.0628 
50.0080 0.0622 
50.2208 0.0616 
50.4336 0.0610 
50.6464 0.0603 
50.8592 0.0597 
51.0720 0.0591 
51.2848 0.0585 
51.4976 0.0579 
51.7104 0.0573 
51.9232 0.0568 
52.1360 0.0562 
52.3488 0.0556 
52.5616 0.0550 
52.7744 0.0545 
52.9872 0.0539 
53.2000 0.0534 
53.4128 0.0528 
53.6256 0.0523 
53.8384 0.0517 
54.0512 0.0512 
54.2640 0.0506 
54.4768 0.0501 
54.6896 0.0496 
54.9024 0.0491 
55.1152 0.0486 
55.3280 0.0480 
55.5408 0.0475 
55.7536 0.0470 
55.9664 0.0465 
56.1792 0.0460 
56.3920 0.0455 
56.6048 0.0451 
56.8176 0.0446 
57.0304 0.0441 
57.2432 0.0436 
57.4560 0.0431 
57.6688 0.0427 
57.8816 0.0422 
58.0944 0.0418 
58.3072 0.0413 
58.5200 0.0408 
58.7328 0.0404 
58.9456 0.0400 
59.1584 0.0395 
59.3712 0.0391 
59.5840 0.0386 
59.7968 0.0382 
60.0096 0.0378 
60.2224 0.0374 
60.4352 0.0370 
60.6480 0.0365 
60.8608 0.0361 
61.0736 0.0357 
61.2864 0.0353 
61.4992 0.0349 
61.7120 0.0345 
61.9248 0.0341 
62.1376 0.0337 
62.3504 0.0334 
62.5632 0.0330 
62.7760 0.0326 
62.9888 0.0322 
63.2016 0.0318 
63.4144 0.0315 
63.6272 0.0311 
63.8400 0.0307 
64.0528 0.0304 
64.2656 0.0300 
64.4784 0.0297 
64.6912 0.0293 
64.9040 0.0290 
65.1168 0.0286 
65.3296 0.0283 
65.5424 0.0280 
65.7552 0.0276 
65.9680 0.0273 
66.1808 0.0270 
66.3936 0.0267 
66.6064 0.0263 
66.8192 0.0260 
67.0320 0.0257 
67.2448 0.0254 
67.4576 0.0251 
67.6704 0.0248 
67.8832 0.0245 
68.0960 0.0242 
68.3088 0.0239 
68.5216 0.0236 
68.7344 0.0233 
68.9472 0.0230 
69.1600 0.0227 
69.3728 0.0225 
69.5856 0.0222 
69.7984 0.0219 
70.0112 0.0216 
70.2240 0.0214 
70.4368 0.0211 
70.6496 0.0208 
70.8624 0.0206 
71.0752 0.0203 
71.2880 0.0201 
71.5008 0.0198 
71.7136 0.0196 
71.9264 0.0193 
72.1392 0.0191 
72.3520 0.0188 
72.5648 0.0186 
72.7776 0.0183 
72.9904 0.0181 
73.2032 0.0179 
73.4160 0.0176 
73.6288 0.0174 
73.8416 0.0172 
74.0544 0.0170 
74.2672 0.0168 
74.4800 0.0165 
74.6928 0.0163 
74.9056 0.0161 
75.1184 0.0159 
75.3312 0.0157 
75.5440 0.0155 
75.7568 0.0153 
75.9696 0.0151 
76.1824 0.0149 
76.3952 0.0147 
76.6080 0.0145 
76.8208 0.0143 
77.0336 0.0141 
77.2464 0.0139 
77.4592 0.0138 
77.6720 0.0136 
77.8848 0.0134 
78.0976 0.0132 
78.3104 0.0130 
78.5232 0.0129 
78.7360 0.0127 
78.9488 0.0125 
79.1616 0.0124 
79.3744 0.0122 
79.5872 0.0121 
79.8000 0.0119 
80.0128 0.0117 
80.2256 0.0116 
80.4384 0.0114 
80.6512 0.0113 
80.8640 0.0111 
81.0768 0.0110 
81.2896 0.0108 
81.5024 0.0107 
81.7152 0.0106 
81.9280 0.0104 
82.1408 0.0103 
82.3536 0.0101 
82.5664 0.0100 
82.7792 0.0099 
82.9920 0.0098 
83.2048 0.0096 
83.4176 0.0095 
83.6304 0.0094 
83.8432 0.0093 
84.0560 0.0091 
84.2688 0.0090 
84.4816 0.0089 
84.6944 0.0088 
84.9072 0.0087 
85.1200 0.0086 
85.3328 0.0085 
85.5456 0.0084 
85.7584 0.0082 
85.9712 0.0081 
86.1840 0.0080 
86.3968 0.0079 
86.6096 0.0078 
86.8224 0.0077 
87.0352 0.0076 
87.2480 0.0075 
87.4608 0.0074 
87.6736 0.0073 
87.8864 0.0072 
88.0992 0.0071 
88.3120 0.0071 
88.5248 0.0070 
88.7376 0.0069 
88.9504 0.0068 
89.1632 0.0067 
89.3760 0.0066 
89.5888 0.0065 
89.8016 0.0064 
90.0144 0.0063 
90.2272 0.0062 
90.4400 0.0061 
90.6528 0.0060 
90.8656 0.0060 
91.0784 0.0059 
91.2912 0.0058 
91.5040 0.0057 
91.7168 0.0056 
91.9296 0.0055 
92.1424 0.0054 
92.3552 0.0053 
92.5680 0.0053 
92.7808 0.0052 
92.9936 0.0051 
93.2064 0.0050 
93.4192 0.0049 
93.6320 0.0048 
93.8448 0.0048 
94.0576 0.0047 
94.2704 0.0046 
94.4832 0.0045 
94.6960 0.0044 
94.9088 0.0043 
95.1216 0.0043 
95.3344 0.0042 
95.5472 0.0041 
95.7600 0.0040 
95.9728 0.0039 
96.1856 0.0038 
96.3984 0.0038 
96.6112 0.0037 
96.8240 0.0036 
97.0368 0.0035 
97.2496 0.0034 
97.4624 0.0034 
97.6752 0.0033 
97.8880 0.0032 
98.1008 0.0031 
98.3136 0.0030 
98.5264 0.0030 
98.7392 0.0029 
98.9520 0.0028 
99.1648 0.0027 
99.3776 0.0026 
99.5904 0.0026 
99.8032 0.0025 
100.0160 0.0024 
100.2288 0.0023 
100.4416 0.0022 
100.6544 0.0022 
100.8672 0.0021 
101.0800 0.0020 
101.2928 0.0019 
101.5056 0.0019 
101.7184 0.0018 
101.9312 0.0017 
102.1440 0.0016 
102.3568 0.0015 
102.5696 0.0015 
102.7824 0.0014 
102.9952 0.0013 
103.2080 0.0012 
103.4208 0.0012 
103.6336 0.0011 
103.8464 0.0010 
104.0592 0.0009 
104.2720 0.0008 
104.4848 0.0008 
104.6976 0.0007 
104.9104 0.0006 
105.1232 0.0005 
105.3360 0.0005 
105.5488 0.0004 
105.7616 0.0003 
105.9744 0.0002 
106.1872 0.0002 
106.4000 0.0001 
106.6128 0.0000 
