0.1048 0.1449 
0.2096 0.1449 
0.3144 0.1448 
0.4192 0.1448 
0.5240 0.1448 
0.6288 0.1447 
0.7336 0.1447 
0.8384 0.1446 
0.9432 0.1446 
1.0480 0.1445 
1.1528 0.1444 
1.2576 0.1443 
1.3624 0.1442 
1.4672 0.1441 
1.5720 0.1439 
1.6768 0.1438 
1.7816 0.1437 
1.8864 0.1435 
1.9912 0.1433 
2.0960 0.1432 
2.2008 0.1430 
2.3056 0.1428 
2.4104 0.1426 
2.5152 0.1424 
2.6200 0.1422 
2.7248 0.1419 
2.8296 0.1417 
2.9344 0.1414 
3.0392 0.1412 
3.1440 0.1409 
3.2488 0.1406 
3.3536 0.1403 
3.4584 0.1400 
3.5632 0.1397 
3.6680 0.1394 
3.7728 0.1391 
3.8776 0.1388 
3.9824 0.1384 
4.0872 0.1381 
4.1920 0.1377 
4.2968 0.1373 
4.4016 0.1369 
4.5064 0.1366 
4.6112 0.1362 
4.7160 0.1357 
4.8208 0.1353 
4.9256 0.1349 
5.0304 0.1345 
5.1352 0.1340 
5.2400 0.1335 
5.3448 0.1331 
5.4496 0.1326 
5.5544 0.1321 
5.6592 0.1316 
5.7640 0.1311 
5.8688 0.1306 
5.9736 0.1301 
6.0784 0.1295 
6.1832 0.1290 
6.2880 0.1285 
6.3928 0.1279 
6.4976 0.1273 
6.6024 0.1268 
6.7072 0.1262 
6.8120 0.1257 
6.9168 0.1251 
7.0216 0.1245 
7.1264 0.1240 
7.2312 0.1234 
7.3360 0.1229 
7.4408 0.1223 
7.5456 0.1218 
7.6504 0.1212 
7.7552 0.1207 
7.8600 0.1202 
7.9648 0.1196 
8.0696 0.1191 
8.1744 0.1185 
8.2792 0.1180 
8.3840 0.1175 
8.4888 0.1169 
8.5936 0.1164 
8.6984 0.1159 
8.8032 0.1154 
8.9080 0.1148 
9.0128 0.1143 
9.1176 0.1138 
9.2224 0.1133 
9.3272 0.1128 
9.4320 0.1122 
9.5368 0.1117 
9.6416 0.1112 
9.7464 0.1107 
9.8512 0.1102 
9.9560 0.1097 
10.0608 0.1092 
10.1656 0.1087 
10.2704 0.1082 
10.3752 0.1077 
10.4800 0.1072 
10.5848 0.1067 
10.6896 0.1062 
10.7944 0.1057 
10.8992 0.1052 
11.0040 0.1047 
11.1088 0.1042 
11.2136 0.1038 
11.3184 0.1033 
11.4232 0.1028 
11.5280 0.1023 
11.6328 0.1018 
11.7376 0.1014 
11.8424 0.1009 
11.9472 0.1004 
12.0520 0.0999 
12.1568 0.0995 
12.2616 0.0990 
12.3664 0.0985 
12.4712 0.0981 
12.5760 0.0976 
12.6808 0.0971 
12.7856 0.0967 
12.8904 0.0962 
12.9952 0.0958 
13.1000 0.0953 
13.2048 0.0949 
13.3096 0.0944 
13.4144 0.0940 
13.5192 0.0935 
13.6240 0.0931 
13.7288 0.0926 
13.8336 0.0922 
13.9384 0.0917 
14.0432 0.0913 
14.1480 0.0908 
14.2528 0.0904 
14.3576 0.0900 
14.4624 0.0895 
14.5672 0.0891 
14.6720 0.0887 
14.7768 0.0882 
14.8816 0.0878 
14.9864 0.0874 
15.0912 0.0870 
15.1960 0.0865 
15.3008 0.0861 
15.4056 0.0857 
15.5104 0.0853 
15.6152 0.0848 
15.7200 0.0844 
15.8248 0.0840 
15.9296 0.0836 
16.0344 0.0832 
16.1392 0.0828 
16.2440 0.0824 
16.3488 0.0820 
16.4536 0.0815 
16.5584 0.0811 
16.6632 0.0807 
16.7680 0.0803 
16.8728 0.0799 
16.9776 0.0795 
17.0824 0.0791 
17.1872 0.0787 
17.2920 0.0783 
17.3968 0.0779 
17.5016 0.0776 
17.6064 0.0772 
17.7112 0.0768 
17.8160 0.0764 
17.9208 0.0760 
18.0256 0.0756 
18.1304 0.0752 
18.2352 0.0748 
18.3400 0.0745 
18.4448 0.0741 
18.5496 0.0737 
18.6544 0.0733 
18.7592 0.0729 
18.8640 0.0726 
18.9688 0.0722 
19.0736 0.0718 
19.1784 0.0714 
19.2832 0.0711 
19.3880 0.0707 
19.4928 0.0703 
19.5976 0.0700 
19.7024 0.0696 
19.8072 0.0692 
19.9120 0.0689 
20.0168 0.0685 
20.1216 0.0682 
20.2264 0.0678 
20.3312 0.0674 
20.4360 0.0671 
20.5408 0.0667 
20.6456 0.0664 
20.7504 0.0660 
20.8552 0.0657 
20.9600 0.0653 
21.0648 0.0650 
21.1696 0.0646 
21.2744 0.0643 
21.3792 0.0639 
21.4840 0.0636 
21.5888 0.0633 
21.6936 0.0629 
21.7984 0.0626 
21.9032 0.0622 
22.0080 0.0619 
22.1128 0.0616 
22.2176 0.0612 
22.3224 0.0609 
22.4272 0.0606 
22.5320 0.0602 
22.6368 0.0599 
22.7416 0.0596 
22.8464 0.0592 
22.9512 0.0589 
23.0560 0.0586 
23.1608 0.0583 
23.2656 0.0579 
23.3704 0.0576 
23.4752 0.0573 
23.5800 0.0570 
23.6848 0.0567 
23.7896 0.0563 
23.8944 0.0560 
23.9992 0.0557 
24.1040 0.0554 
24.2088 0.0551 
24.3136 0.0548 
24.4184 0.0545 
24.5232 0.0542 
24.6280 0.0538 
24.7328 0.0535 
24.8376 0.0532 
24.9424 0.0529 
25.0472 0.0526 
25.1520 0.0523 
25.2568 0.0520 
25.3616 0.0517 
25.4664 0.0514 
25.5712 0.0511 
25.6760 0.0508 
25.7808 0.0505 
25.8856 0.0502 
25.9904 0.0499 
26.0952 0.0496 
26.2000 0.0493 
26.3048 0.0491 
26.4096 0.0488 
26.5144 0.0485 
26.6192 0.0482 
26.7240 0.0479 
26.8288 0.0476 
26.9336 0.0473 
27.0384 0.0470 
27.1432 0.0468 
27.2480 0.0465 
27.3528 0.0462 
27.4576 0.0459 
27.5624 0.0456 
27.6672 0.0454 
27.7720 0.0451 
27.8768 0.0448 
27.9816 0.0445 
28.0864 0.0443 
28.1912 0.0440 
28.2960 0.0437 
28.4008 0.0434 
28.5056 0.0432 
28.6104 0.0429 
28.7152 0.0426 
28.8200 0.0424 
28.9248 0.0421 
29.0296 0.0418 
29.1344 0.0416 
29.2392 0.0413 
29.3440 0.0410 
29.4488 0.0408 
29.5536 0.0405 
29.6584 0.0403 
29.7632 0.0400 
29.8680 0.0397 
29.9728 0.0395 
30.0776 0.0392 
30.1824 0.0390 
30.2872 0.0387 
30.3920 0.0385 
30.4968 0.0382 
30.6016 0.0380 
30.7064 0.0377 
30.8112 0.0375 
30.9160 0.0372 
31.0208 0.0370 
31.1256 0.0367 
31.2304 0.0365 
31.3352 0.0362 
31.4400 0.0360 
31.5448 0.0357 
31.6496 0.0355 
31.7544 0.0352 
31.8592 0.0350 
31.9640 0.0348 
32.0688 0.0345 
32.1736 0.0343 
32.2784 0.0340 
32.3832 0.0338 
32.4880 0.0336 
32.5928 0.0333 
32.6976 0.0331 
32.8024 0.0329 
32.9072 0.0326 
33.0120 0.0324 
33.1168 0.0322 
33.2216 0.0319 
33.3264 0.0317 
33.4312 0.0315 
33.5360 0.0313 
33.6408 0.0310 
33.7456 0.0308 
33.8504 0.0306 
33.9552 0.0304 
34.0600 0.0301 
34.1648 0.0299 
34.2696 0.0297 
34.3744 0.0295 
34.4792 0.0292 
34.5840 0.0290 
34.6888 0.0288 
34.7936 0.0286 
34.8984 0.0284 
35.0032 0.0282 
35.1080 0.0279 
35.2128 0.0277 
35.3176 0.0275 
35.4224 0.0273 
35.5272 0.0271 
35.6320 0.0269 
35.7368 0.0267 
35.8416 0.0265 
35.9464 0.0262 
36.0512 0.0260 
36.1560 0.0258 
36.2608 0.0256 
36.3656 0.0254 
36.4704 0.0252 
36.5752 0.0250 
36.6800 0.0248 
36.7848 0.0246 
36.8896 0.0244 
36.9944 0.0242 
37.0992 0.0240 
37.2040 0.0238 
37.3088 0.0236 
37.4136 0.0234 
37.5184 0.0232 
37.6232 0.0230 
37.7280 0.0228 
37.8328 0.0226 
37.9376 0.0224 
38.0424 0.0222 
38.1472 0.0220 
38.2520 0.0218 
38.3568 0.0216 
38.4616 0.0214 
38.5664 0.0212 
38.6712 0.0210 
38.7760 0.0209 
38.8808 0.0207 
38.9856 0.0205 
39.0904 0.0203 
39.1952 0.0201 
39.3000 0.0199 
39.4048 0.0197 
39.5096 0.0195 
39.6144 0.0194 
39.7192 0.0192 
39.8240 0.0190 
39.9288 0.0188 
40.0336 0.0186 
40.1384 0.0184 
40.2432 0.0183 
40.3480 0.0181 
40.4528 0.0179 
40.5576 0.0177 
40.6624 0.0175 
40.7672 0.0174 
40.8720 0.0172 
40.9768 0.0170 
41.0816 0.0168 
41.1864 0.0167 
41.2912 0.0165 
41.3960 0.0163 
41.5008 0.0161 
41.6056 0.0160 
41.7104 0.0158 
41.8152 0.0156 
41.9200 0.0154 
42.0248 0.0153 
42.1296 0.0151 
42.2344 0.0149 
42.3392 0.0148 
42.4440 0.0146 
42.5488 0.0144 
42.6536 0.0143 
42.7584 0.0141 
42.8632 0.0139 
42.9680 0.0138 
43.0728 0.0136 
43.1776 0.0134 
43.2824 0.0133 
43.3872 0.0131 
43.4920 0.0129 
43.5968 0.0128 
43.7016 0.0126 
43.8064 0.0125 
43.9112 0.0123 
44.0160 0.0121 
44.1208 0.0120 
44.2256 0.0118 
44.3304 0.0117 
44.4352 0.0115 
44.5400 0.0113 
44.6448 0.0112 
44.7496 0.0110 
44.8544 0.0109 
44.9592 0.0107 
45.0640 0.0105 
45.1688 0.0104 
45.2736 0.0102 
45.3784 0.0101 
45.4832 0.0099 
45.5880 0.0098 
45.6928 0.0096 
45.7976 0.0095 
45.9024 0.0093 
46.0072 0.0092 
46.1120 0.0090 
46.2168 0.0089 
46.3216 0.0087 
46.4264 0.0085 
46.5312 0.0084 
46.6360 0.0082 
46.7408 0.0081 
46.8456 0.0079 
46.9504 0.0078 
47.0552 0.0076 
47.1600 0.0075 
47.2648 0.0073 
47.3696 0.0072 
47.4744 0.0070 
47.5792 0.0069 
47.6840 0.0067 
47.7888 0.0066 
47.8936 0.0064 
47.9984 0.0063 
48.1032 0.0062 
48.2080 0.0060 
48.3128 0.0059 
48.4176 0.0057 
48.5224 0.0056 
48.6272 0.0054 
48.7320 0.0053 
48.8368 0.0051 
48.9416 0.0050 
49.0464 0.0048 
49.1512 0.0047 
49.2560 0.0045 
49.3608 0.0044 
49.4656 0.0042 
49.5704 0.0041 
49.6752 0.0039 
49.7800 0.0038 
49.8848 0.0036 
49.9896 0.0035 
50.0944 0.0034 
50.1992 0.0032 
50.3040 0.0031 
50.4088 0.0029 
50.5136 0.0028 
50.6184 0.0026 
50.7232 0.0025 
50.8280 0.0023 
50.9328 0.0022 
51.0376 0.0020 
51.1424 0.0019 
51.2472 0.0017 
51.3520 0.0016 
51.4568 0.0015 
51.5616 0.0013 
51.6664 0.0012 
51.7712 0.0010 
51.8760 0.0009 
51.9808 0.0007 
52.0856 0.0006 
52.1904 0.0004 
52.2952 0.0003 
52.4000 0.0001 
52.5048 0.0000 
