0.0688 0.0819 
0.1376 0.0819 
0.2064 0.0819 
0.2752 0.0819 
0.3440 0.0818 
0.4128 0.0818 
0.4816 0.0818 
0.5504 0.0818 
0.6192 0.0817 
0.6880 0.0817 
0.7568 0.0817 
0.8256 0.0816 
0.8944 0.0816 
0.9632 0.0815 
1.0320 0.0815 
1.1008 0.0814 
1.1696 0.0813 
1.2384 0.0813 
1.3072 0.0812 
1.3760 0.0811 
1.4448 0.0810 
1.5136 0.0809 
1.5824 0.0808 
1.6512 0.0807 
1.7200 0.0806 
1.7888 0.0805 
1.8576 0.0804 
1.9264 0.0803 
1.9952 0.0802 
2.0640 0.0801 
2.1328 0.0799 
2.2016 0.0798 
2.2704 0.0797 
2.3392 0.0795 
2.4080 0.0794 
2.4768 0.0792 
2.5456 0.0791 
2.6144 0.0789 
2.6832 0.0788 
2.7520 0.0786 
2.8208 0.0784 
2.8896 0.0783 
2.9584 0.0781 
3.0272 0.0779 
3.0960 0.0777 
3.1648 0.0775 
3.2336 0.0773 
3.3024 0.0771 
3.3712 0.0769 
3.4400 0.0767 
3.5088 0.0765 
3.5776 0.0763 
3.6464 0.0761 
3.7152 0.0758 
3.7840 0.0756 
3.8528 0.0754 
3.9216 0.0751 
3.9904 0.0749 
4.0592 0.0746 
4.1280 0.0744 
4.1968 0.0741 
4.2656 0.0739 
4.3344 0.0736 
4.4032 0.0734 
4.4720 0.0731 
4.5408 0.0729 
4.6096 0.0726 
4.6784 0.0723 
4.7472 0.0721 
4.8160 0.0718 
4.8848 0.0716 
4.9536 0.0713 
5.0224 0.0711 
5.0912 0.0708 
5.1600 0.0706 
5.2288 0.0703 
5.2976 0.0701 
5.3664 0.0698 
5.4352 0.0696 
5.5040 0.0693 
5.5728 0.0691 
5.6416 0.0688 
5.7104 0.0686 
5.7792 0.0683 
5.8480 0.0681 
5.9168 0.0679 
5.9856 0.0676 
6.0544 0.0674 
6.1232 0.0671 
6.1920 0.0669 
6.2608 0.0666 
6.3296 0.0664 
6.3984 0.0662 
6.4672 0.0659 
6.5360 0.0657 
6.6048 0.0654 
6.6736 0.0652 
6.7424 0.0650 
6.8112 0.0647 
6.8800 0.0645 
6.9488 0.0642 
7.0176 0.0640 
7.0864 0.0638 
7.1552 0.0635 
7.2240 0.0633 
7.2928 0.0631 
7.3616 0.0628 
7.4304 0.0626 
7.4992 0.0624 
7.5680 0.0621 
7.6368 0.0619 
7.7056 0.0617 
7.7744 0.0614 
7.8432 0.0612 
7.9120 0.0610 
7.9808 0.0607 
8.0496 0.0605 
8.1184 0.0603 
8.1872 0.0601 
8.2560 0.0598 
8.3248 0.0596 
8.3936 0.0594 
8.4624 0.0592 
8.5312 0.0589 
8.6000 0.0587 
8.6688 0.0585 
8.7376 0.0583 
8.8064 0.0580 
8.8752 0.0578 
8.9440 0.0576 
9.0128 0.0574 
9.0816 0.0571 
9.1504 0.0569 
9.2192 0.0567 
9.2880 0.0565 
9.3568 0.0563 
9.4256 0.0560 
9.4944 0.0558 
9.5632 0.0556 
9.6320 0.0554 
9.7008 0.0552 
9.7696 0.0550 
9.8384 0.0547 
9.9072 0.0545 
9.9760 0.0543 
10.0448 0.0541 
10.1136 0.0539 
10.1824 0.0537 
10.2512 0.0535 
10.3200 0.0532 
10.3888 0.0530 
10.4576 0.0528 
10.5264 0.0526 
10.5952 0.0524 
10.6640 0.0522 
10.7328 0.0520 
10.8016 0.0518 
10.8704 0.0516 
10.9392 0.0514 
11.0080 0.0511 
11.0768 0.0509 
11.1456 0.0507 
11.2144 0.0505 
11.2832 0.0503 
11.3520 0.0501 
11.4208 0.0499 
11.4896 0.0497 
11.5584 0.0495 
11.6272 0.0493 
11.6960 0.0491 
11.7648 0.0489 
11.8336 0.0487 
11.9024 0.0485 
11.9712 0.0483 
12.0400 0.0481 
12.1088 0.0479 
12.1776 0.0477 
12.2464 0.0475 
12.3152 0.0473 
12.3840 0.0471 
12.4528 0.0469 
12.5216 0.0467 
12.5904 0.0465 
12.6592 0.0463 
12.7280 0.0461 
12.7968 0.0459 
12.8656 0.0457 
12.9344 0.0455 
13.0032 0.0453 
13.0720 0.0451 
13.1408 0.0449 
13.2096 0.0447 
13.2784 0.0445 
13.3472 0.0443 
13.4160 0.0441 
13.4848 0.0440 
13.5536 0.0438 
13.6224 0.0436 
13.6912 0.0434 
13.7600 0.0432 
13.8288 0.0430 
13.8976 0.0428 
13.9664 0.0426 
14.0352 0.0424 
14.1040 0.0422 
14.1728 0.0421 
14.2416 0.0419 
14.3104 0.0417 
14.3792 0.0415 
14.4480 0.0413 
14.5168 0.0411 
14.5856 0.0409 
14.6544 0.0408 
14.7232 0.0406 
14.7920 0.0404 
14.8608 0.0402 
14.9296 0.0400 
14.9984 0.0398 
15.0672 0.0397 
15.1360 0.0395 
15.2048 0.0393 
15.2736 0.0391 
15.3424 0.0389 
15.4112 0.0387 
15.4800 0.0386 
15.5488 0.0384 
15.6176 0.0382 
15.6864 0.0380 
15.7552 0.0378 
15.8240 0.0377 
15.8928 0.0375 
15.9616 0.0373 
16.0304 0.0371 
16.0992 0.0370 
16.1680 0.0368 
16.2368 0.0366 
16.3056 0.0364 
16.3744 0.0363 
16.4432 0.0361 
16.5120 0.0359 
16.5808 0.0357 
16.6496 0.0356 
16.7184 0.0354 
16.7872 0.0352 
16.8560 0.0350 
16.9248 0.0349 
16.9936 0.0347 
17.0624 0.0345 
17.1312 0.0344 
17.2000 0.0342 
17.2688 0.0340 
17.3376 0.0338 
17.4064 0.0337 
17.4752 0.0335 
17.5440 0.0333 
17.6128 0.0332 
17.6816 0.0330 
17.7504 0.0328 
17.8192 0.0327 
17.8880 0.0325 
17.9568 0.0323 
18.0256 0.0322 
18.0944 0.0320 
18.1632 0.0318 
18.2320 0.0317 
18.3008 0.0315 
18.3696 0.0313 
18.4384 0.0312 
18.5072 0.0310 
18.5760 0.0308 
18.6448 0.0307 
18.7136 0.0305 
18.7824 0.0303 
18.8512 0.0302 
18.9200 0.0300 
18.9888 0.0299 
19.0576 0.0297 
19.1264 0.0295 
19.1952 0.0294 
19.2640 0.0292 
19.3328 0.0291 
19.4016 0.0289 
19.4704 0.0287 
19.5392 0.0286 
19.6080 0.0284 
19.6768 0.0283 
19.7456 0.0281 
19.8144 0.0280 
19.8832 0.0278 
19.9520 0.0276 
20.0208 0.0275 
20.0896 0.0273 
20.1584 0.0272 
20.2272 0.0270 
20.2960 0.0269 
20.3648 0.0267 
20.4336 0.0265 
20.5024 0.0264 
20.5712 0.0262 
20.6400 0.0261 
20.7088 0.0259 
20.7776 0.0258 
20.8464 0.0256 
20.9152 0.0255 
20.9840 0.0253 
21.0528 0.0252 
21.1216 0.0250 
21.1904 0.0249 
21.2592 0.0247 
21.3280 0.0246 
21.3968 0.0244 
21.4656 0.0243 
21.5344 0.0241 
21.6032 0.0240 
21.6720 0.0238 
21.7408 0.0237 
21.8096 0.0235 
21.8784 0.0234 
21.9472 0.0232 
22.0160 0.0231 
22.0848 0.0229 
22.1536 0.0228 
22.2224 0.0226 
22.2912 0.0225 
22.3600 0.0224 
22.4288 0.0222 
22.4976 0.0221 
22.5664 0.0219 
22.6352 0.0218 
22.7040 0.0216 
22.7728 0.0215 
22.8416 0.0213 
22.9104 0.0212 
22.9792 0.0211 
23.0480 0.0209 
23.1168 0.0208 
23.1856 0.0206 
23.2544 0.0205 
23.3232 0.0203 
23.3920 0.0202 
23.4608 0.0201 
23.5296 0.0199 
23.5984 0.0198 
23.6672 0.0196 
23.7360 0.0195 
23.8048 0.0194 
23.8736 0.0192 
23.9424 0.0191 
24.0112 0.0189 
24.0800 0.0188 
24.1488 0.0187 
24.2176 0.0185 
24.2864 0.0184 
24.3552 0.0182 
24.4240 0.0181 
24.4928 0.0180 
24.5616 0.0178 
24.6304 0.0177 
24.6992 0.0176 
24.7680 0.0174 
24.8368 0.0173 
24.9056 0.0172 
24.9744 0.0170 
25.0432 0.0169 
25.1120 0.0168 
25.1808 0.0166 
25.2496 0.0165 
25.3184 0.0164 
25.3872 0.0162 
25.4560 0.0161 
25.5248 0.0160 
25.5936 0.0158 
25.6624 0.0157 
25.7312 0.0156 
25.8000 0.0154 
25.8688 0.0153 
25.9376 0.0152 
26.0064 0.0150 
26.0752 0.0149 
26.1440 0.0148 
26.2128 0.0146 
26.2816 0.0145 
26.3504 0.0144 
26.4192 0.0142 
26.4880 0.0141 
26.5568 0.0140 
26.6256 0.0139 
26.6944 0.0137 
26.7632 0.0136 
26.8320 0.0135 
26.9008 0.0133 
26.9696 0.0132 
27.0384 0.0131 
27.1072 0.0130 
27.1760 0.0128 
27.2448 0.0127 
27.3136 0.0126 
27.3824 0.0124 
27.4512 0.0123 
27.5200 0.0122 
27.5888 0.0121 
27.6576 0.0119 
27.7264 0.0118 
27.7952 0.0117 
27.8640 0.0116 
27.9328 0.0114 
28.0016 0.0113 
28.0704 0.0112 
28.1392 0.0111 
28.2080 0.0109 
28.2768 0.0108 
28.3456 0.0107 
28.4144 0.0106 
28.4832 0.0104 
28.5520 0.0103 
28.6208 0.0102 
28.6896 0.0101 
28.7584 0.0099 
28.8272 0.0098 
28.8960 0.0097 
28.9648 0.0096 
29.0336 0.0095 
29.1024 0.0093 
29.1712 0.0092 
29.2400 0.0091 
29.3088 0.0090 
29.3776 0.0088 
29.4464 0.0087 
29.5152 0.0086 
29.5840 0.0085 
29.6528 0.0084 
29.7216 0.0082 
29.7904 0.0081 
29.8592 0.0080 
29.9280 0.0079 
29.9968 0.0077 
30.0656 0.0076 
30.1344 0.0075 
30.2032 0.0074 
30.2720 0.0073 
30.3408 0.0071 
30.4096 0.0070 
30.4784 0.0069 
30.5472 0.0068 
30.6160 0.0067 
30.6848 0.0065 
30.7536 0.0064 
30.8224 0.0063 
30.8912 0.0062 
30.9600 0.0061 
31.0288 0.0059 
31.0976 0.0058 
31.1664 0.0057 
31.2352 0.0056 
31.3040 0.0055 
31.3728 0.0053 
31.4416 0.0052 
31.5104 0.0051 
31.5792 0.0050 
31.6480 0.0049 
31.7168 0.0047 
31.7856 0.0046 
31.8544 0.0045 
31.9232 0.0044 
31.9920 0.0043 
32.0608 0.0042 
32.1296 0.0040 
32.1984 0.0039 
32.2672 0.0038 
32.3360 0.0037 
32.4048 0.0036 
32.4736 0.0034 
32.5424 0.0033 
32.6112 0.0032 
32.6800 0.0031 
32.7488 0.0030 
32.8176 0.0028 
32.8864 0.0027 
32.9552 0.0026 
33.0240 0.0025 
33.0928 0.0024 
33.1616 0.0023 
33.2304 0.0021 
33.2992 0.0020 
33.3680 0.0019 
33.4368 0.0018 
33.5056 0.0017 
33.5744 0.0015 
33.6432 0.0014 
33.7120 0.0013 
33.7808 0.0012 
33.8496 0.0011 
33.9184 0.0009 
33.9872 0.0008 
34.0560 0.0007 
34.1248 0.0006 
34.1936 0.0005 
34.2624 0.0004 
34.3312 0.0002 
34.4000 0.0001 
34.4688 0.0000 
