0.1336 0.1955 
0.2672 0.1955 
0.4008 0.1955 
0.5344 0.1955 
0.6680 0.1954 
0.8016 0.1953 
0.9352 0.1953 
1.0688 0.1952 
1.2024 0.1951 
1.3360 0.1949 
1.4696 0.1948 
1.6032 0.1946 
1.7368 0.1945 
1.8704 0.1943 
2.0040 0.1941 
2.1376 0.1939 
2.2712 0.1936 
2.4048 0.1934 
2.5384 0.1931 
2.6720 0.1929 
2.8056 0.1926 
2.9392 0.1923 
3.0728 0.1920 
3.2064 0.1916 
3.3400 0.1913 
3.4736 0.1909 
3.6072 0.1905 
3.7408 0.1901 
3.8744 0.1897 
4.0080 0.1893 
4.1416 0.1889 
4.2752 0.1884 
4.4088 0.1880 
4.5424 0.1875 
4.6760 0.1870 
4.8096 0.1865 
4.9432 0.1860 
5.0768 0.1854 
5.2104 0.1849 
5.3440 0.1843 
5.4776 0.1837 
5.6112 0.1831 
5.7448 0.1825 
5.8784 0.1819 
6.0120 0.1812 
6.1456 0.1806 
6.2792 0.1799 
6.4128 0.1792 
6.5464 0.1785 
6.6800 0.1778 
6.8136 0.1770 
6.9472 0.1763 
7.0808 0.1755 
7.2144 0.1748 
7.3480 0.1740 
7.4816 0.1732 
7.6152 0.1723 
7.7488 0.1715 
7.8824 0.1707 
8.0160 0.1698 
8.1496 0.1689 
8.2832 0.1681 
8.4168 0.1672 
8.5504 0.1663 
8.6840 0.1654 
8.8176 0.1646 
8.9512 0.1637 
9.0848 0.1628 
9.2184 0.1620 
9.3520 0.1611 
9.4856 0.1602 
9.6192 0.1594 
9.7528 0.1585 
9.8864 0.1577 
10.0200 0.1568 
10.1536 0.1560 
10.2872 0.1552 
10.4208 0.1543 
10.5544 0.1535 
10.6880 0.1527 
10.8216 0.1519 
10.9552 0.1511 
11.0888 0.1502 
11.2224 0.1494 
11.3560 0.1486 
11.4896 0.1478 
11.6232 0.1470 
11.7568 0.1462 
11.8904 0.1454 
12.0240 0.1447 
12.1576 0.1439 
12.2912 0.1431 
12.4248 0.1423 
12.5584 0.1415 
12.6920 0.1408 
12.8256 0.1400 
12.9592 0.1392 
13.0928 0.1385 
13.2264 0.1377 
13.3600 0.1370 
13.4936 0.1362 
13.6272 0.1355 
13.7608 0.1347 
13.8944 0.1340 
14.0280 0.1332 
14.1616 0.1325 
14.2952 0.1318 
14.4288 0.1310 
14.5624 0.1303 
14.6960 0.1296 
14.8296 0.1289 
14.9632 0.1281 
15.0968 0.1274 
15.2304 0.1267 
15.3640 0.1260 
15.4976 0.1253 
15.6312 0.1246 
15.7648 0.1239 
15.8984 0.1232 
16.0320 0.1225 
16.1656 0.1218 
16.2992 0.1212 
16.4328 0.1205 
16.5664 0.1198 
16.7000 0.1191 
16.8336 0.1185 
16.9672 0.1178 
17.1008 0.1171 
17.2344 0.1165 
17.3680 0.1158 
17.5016 0.1151 
17.6352 0.1145 
17.7688 0.1138 
17.9024 0.1132 
18.0360 0.1125 
18.1696 0.1119 
18.3032 0.1113 
18.4368 0.1106 
18.5704 0.1100 
18.7040 0.1093 
18.8376 0.1087 
18.9712 0.1081 
19.1048 0.1075 
19.2384 0.1069 
19.3720 0.1062 
19.5056 0.1056 
19.6392 0.1050 
19.7728 0.1044 
19.9064 0.1038 
20.0400 0.1032 
20.1736 0.1026 
20.3072 0.1020 
20.4408 0.1014 
20.5744 0.1008 
20.7080 0.1002 
20.8416 0.0996 
20.9752 0.0990 
21.1088 0.0985 
21.2424 0.0979 
21.3760 0.0973 
21.5096 0.0967 
21.6432 0.0962 
21.7768 0.0956 
21.9104 0.0950 
22.0440 0.0945 
22.1776 0.0939 
22.3112 0.0933 
22.4448 0.0928 
22.5784 0.0922 
22.7120 0.0917 
22.8456 0.0911 
22.9792 0.0906 
23.1128 0.0900 
23.2464 0.0895 
23.3800 0.0890 
23.5136 0.0884 
23.6472 0.0879 
23.7808 0.0874 
23.9144 0.0868 
24.0480 0.0863 
24.1816 0.0858 
24.3152 0.0853 
24.4488 0.0847 
24.5824 0.0842 
24.7160 0.0837 
24.8496 0.0832 
24.9832 0.0827 
25.1168 0.0822 
25.2504 0.0817 
25.3840 0.0812 
25.5176 0.0807 
25.6512 0.0802 
25.7848 0.0797 
25.9184 0.0792 
26.0520 0.0787 
26.1856 0.0782 
26.3192 0.0777 
26.4528 0.0772 
26.5864 0.0768 
26.7200 0.0763 
26.8536 0.0758 
26.9872 0.0753 
27.1208 0.0749 
27.2544 0.0744 
27.3880 0.0739 
27.5216 0.0735 
27.6552 0.0730 
27.7888 0.0725 
27.9224 0.0721 
28.0560 0.0716 
28.1896 0.0712 
28.3232 0.0707 
28.4568 0.0702 
28.5904 0.0698 
28.7240 0.0694 
28.8576 0.0689 
28.9912 0.0685 
29.1248 0.0680 
29.2584 0.0676 
29.3920 0.0671 
29.5256 0.0667 
29.6592 0.0663 
29.7928 0.0659 
29.9264 0.0654 
30.0600 0.0650 
30.1936 0.0646 
30.3272 0.0642 
30.4608 0.0637 
30.5944 0.0633 
30.7280 0.0629 
30.8616 0.0625 
30.9952 0.0621 
31.1288 0.0617 
31.2624 0.0612 
31.3960 0.0608 
31.5296 0.0604 
31.6632 0.0600 
31.7968 0.0596 
31.9304 0.0592 
32.0640 0.0588 
32.1976 0.0584 
32.3312 0.0580 
32.4648 0.0577 
32.5984 0.0573 
32.7320 0.0569 
32.8656 0.0565 
32.9992 0.0561 
33.1328 0.0557 
33.2664 0.0553 
33.4000 0.0550 
33.5336 0.0546 
33.6672 0.0542 
33.8008 0.0538 
33.9344 0.0535 
34.0680 0.0531 
34.2016 0.0527 
34.3352 0.0524 
34.4688 0.0520 
34.6024 0.0516 
34.7360 0.0513 
34.8696 0.0509 
35.0032 0.0506 
35.1368 0.0502 
35.2704 0.0499 
35.4040 0.0495 
35.5376 0.0492 
35.6712 0.0488 
35.8048 0.0485 
35.9384 0.0481 
36.0720 0.0478 
36.2056 0.0474 
36.3392 0.0471 
36.4728 0.0467 
36.6064 0.0464 
36.7400 0.0461 
36.8736 0.0457 
37.0072 0.0454 
37.1408 0.0451 
37.2744 0.0447 
37.4080 0.0444 
37.5416 0.0441 
37.6752 0.0438 
37.8088 0.0434 
37.9424 0.0431 
38.0760 0.0428 
38.2096 0.0425 
38.3432 0.0422 
38.4768 0.0419 
38.6104 0.0415 
38.7440 0.0412 
38.8776 0.0409 
39.0112 0.0406 
39.1448 0.0403 
39.2784 0.0400 
39.4120 0.0397 
39.5456 0.0394 
39.6792 0.0391 
39.8128 0.0388 
39.9464 0.0385 
40.0800 0.0382 
40.2136 0.0379 
40.3472 0.0376 
40.4808 0.0373 
40.6144 0.0370 
40.7480 0.0367 
40.8816 0.0364 
41.0152 0.0362 
41.1488 0.0359 
41.2824 0.0356 
41.4160 0.0353 
41.5496 0.0350 
41.6832 0.0347 
41.8168 0.0345 
41.9504 0.0342 
42.0840 0.0339 
42.2176 0.0336 
42.3512 0.0334 
42.4848 0.0331 
42.6184 0.0328 
42.7520 0.0326 
42.8856 0.0323 
43.0192 0.0320 
43.1528 0.0318 
43.2864 0.0315 
43.4200 0.0312 
43.5536 0.0310 
43.6872 0.0307 
43.8208 0.0305 
43.9544 0.0302 
44.0880 0.0299 
44.2216 0.0297 
44.3552 0.0294 
44.4888 0.0292 
44.6224 0.0289 
44.7560 0.0287 
44.8896 0.0284 
45.0232 0.0282 
45.1568 0.0279 
45.2904 0.0277 
45.4240 0.0275 
45.5576 0.0272 
45.6912 0.0270 
45.8248 0.0267 
45.9584 0.0265 
46.0920 0.0263 
46.2256 0.0260 
46.3592 0.0258 
46.4928 0.0256 
46.6264 0.0253 
46.7600 0.0251 
46.8936 0.0249 
47.0272 0.0246 
47.1608 0.0244 
47.2944 0.0242 
47.4280 0.0240 
47.5616 0.0237 
47.6952 0.0235 
47.8288 0.0233 
47.9624 0.0231 
48.0960 0.0229 
48.2296 0.0226 
48.3632 0.0224 
48.4968 0.0222 
48.6304 0.0220 
48.7640 0.0218 
48.8976 0.0216 
49.0312 0.0214 
49.1648 0.0212 
49.2984 0.0209 
49.4320 0.0207 
49.5656 0.0205 
49.6992 0.0203 
49.8328 0.0201 
49.9664 0.0199 
50.1000 0.0197 
50.2336 0.0195 
50.3672 0.0193 
50.5008 0.0191 
50.6344 0.0189 
50.7680 0.0187 
50.9016 0.0185 
51.0352 0.0183 
51.1688 0.0181 
51.3024 0.0179 
51.4360 0.0177 
51.5696 0.0176 
51.7032 0.0174 
51.8368 0.0172 
51.9704 0.0170 
52.1040 0.0168 
52.2376 0.0166 
52.3712 0.0164 
52.5048 0.0163 
52.6384 0.0161 
52.7720 0.0159 
52.9056 0.0157 
53.0392 0.0155 
53.1728 0.0153 
53.3064 0.0152 
53.4400 0.0150 
53.5736 0.0148 
53.7072 0.0146 
53.8408 0.0145 
53.9744 0.0143 
54.1080 0.0141 
54.2416 0.0139 
54.3752 0.0138 
54.5088 0.0136 
54.6424 0.0134 
54.7760 0.0133 
54.9096 0.0131 
55.0432 0.0129 
55.1768 0.0128 
55.3104 0.0126 
55.4440 0.0124 
55.5776 0.0123 
55.7112 0.0121 
55.8448 0.0120 
55.9784 0.0118 
56.1120 0.0116 
56.2456 0.0115 
56.3792 0.0113 
56.5128 0.0112 
56.6464 0.0110 
56.7800 0.0108 
56.9136 0.0107 
57.0472 0.0105 
57.1808 0.0104 
57.3144 0.0102 
57.4480 0.0101 
57.5816 0.0099 
57.7152 0.0098 
57.8488 0.0096 
57.9824 0.0095 
58.1160 0.0093 
58.2496 0.0092 
58.3832 0.0090 
58.5168 0.0089 
58.6504 0.0087 
58.7840 0.0086 
58.9176 0.0084 
59.0512 0.0083 
59.1848 0.0081 
59.3184 0.0080 
59.4520 0.0078 
59.5856 0.0077 
59.7192 0.0076 
59.8528 0.0074 
59.9864 0.0073 
60.1200 0.0071 
60.2536 0.0070 
60.3872 0.0068 
60.5208 0.0067 
60.6544 0.0066 
60.7880 0.0064 
60.9216 0.0063 
61.0552 0.0061 
61.1888 0.0060 
61.3224 0.0058 
61.4560 0.0057 
61.5896 0.0056 
61.7232 0.0054 
61.8568 0.0053 
61.9904 0.0051 
62.1240 0.0050 
62.2576 0.0049 
62.3912 0.0047 
62.5248 0.0046 
62.6584 0.0044 
62.7920 0.0043 
62.9256 0.0042 
63.0592 0.0040 
63.1928 0.0039 
63.3264 0.0037 
63.4600 0.0036 
63.5936 0.0035 
63.7272 0.0033 
63.8608 0.0032 
63.9944 0.0030 
64.1280 0.0029 
64.2616 0.0028 
64.3952 0.0026 
64.5288 0.0025 
64.6624 0.0024 
64.7960 0.0022 
64.9296 0.0021 
65.0632 0.0019 
65.1968 0.0018 
65.3304 0.0017 
65.4640 0.0015 
65.5976 0.0014 
65.7312 0.0012 
65.8648 0.0011 
65.9984 0.0010 
66.1320 0.0008 
66.2656 0.0007 
66.3992 0.0006 
66.5328 0.0004 
66.6664 0.0003 
66.8000 0.0001 
66.9336 0.0000 
