0.1696 0.2605 
0.3392 0.2605 
0.5088 0.2605 
0.6784 0.2604 
0.8480 0.2603 
1.0176 0.2602 
1.1872 0.2601 
1.3568 0.2600 
1.5264 0.2598 
1.6960 0.2596 
1.8656 0.2594 
2.0352 0.2591 
2.2048 0.2589 
2.3744 0.2586 
2.5440 0.2583 
2.7136 0.2579 
2.8832 0.2576 
3.0528 0.2572 
3.2224 0.2568 
3.3920 0.2564 
3.5616 0.2559 
3.7312 0.2555 
3.9008 0.2550 
4.0704 0.2545 
4.2400 0.2539 
4.4096 0.2533 
4.5792 0.2528 
4.7488 0.2522 
4.9184 0.2515 
5.0880 0.2509 
5.2576 0.2502 
5.4272 0.2495 
5.5968 0.2488 
5.7664 0.2480 
5.9360 0.2472 
6.1056 0.2465 
6.2752 0.2456 
6.4448 0.2448 
6.6144 0.2439 
6.7840 0.2430 
6.9536 0.2421 
7.1232 0.2412 
7.2928 0.2403 
7.4624 0.2393 
7.6320 0.2383 
7.8016 0.2372 
7.9712 0.2362 
8.1408 0.2351 
8.3104 0.2340 
8.4800 0.2329 
8.6496 0.2318 
8.8192 0.2306 
8.9888 0.2294 
9.1584 0.2282 
9.3280 0.2270 
9.4976 0.2257 
9.6672 0.2244 
9.8368 0.2231 
10.0064 0.2218 
10.1760 0.2205 
10.3456 0.2191 
10.5152 0.2178 
10.6848 0.2164 
10.8544 0.2151 
11.0240 0.2137 
11.1936 0.2123 
11.3632 0.2110 
11.5328 0.2097 
11.7024 0.2083 
11.8720 0.2070 
12.0416 0.2057 
12.2112 0.2044 
12.3808 0.2030 
12.5504 0.2017 
12.7200 0.2004 
12.8896 0.1992 
13.0592 0.1979 
13.2288 0.1966 
13.3984 0.1953 
13.5680 0.1941 
13.7376 0.1928 
13.9072 0.1916 
14.0768 0.1903 
14.2464 0.1891 
14.4160 0.1879 
14.5856 0.1866 
14.7552 0.1854 
14.9248 0.1842 
15.0944 0.1830 
15.2640 0.1818 
15.4336 0.1806 
15.6032 0.1795 
15.7728 0.1783 
15.9424 0.1771 
16.1120 0.1759 
16.2816 0.1748 
16.4512 0.1736 
16.6208 0.1725 
16.7904 0.1713 
16.9600 0.1702 
17.1296 0.1691 
17.2992 0.1680 
17.4688 0.1668 
17.6384 0.1657 
17.8080 0.1646 
17.9776 0.1635 
18.1472 0.1624 
18.3168 0.1614 
18.4864 0.1603 
18.6560 0.1592 
18.8256 0.1581 
18.9952 0.1571 
19.1648 0.1560 
19.3344 0.1550 
19.5040 0.1539 
19.6736 0.1529 
19.8432 0.1519 
20.0128 0.1508 
20.1824 0.1498 
20.3520 0.1488 
20.5216 0.1478 
20.6912 0.1468 
20.8608 0.1458 
21.0304 0.1448 
21.2000 0.1438 
21.3696 0.1428 
21.5392 0.1418 
21.7088 0.1409 
21.8784 0.1399 
22.0480 0.1389 
22.2176 0.1380 
22.3872 0.1370 
22.5568 0.1361 
22.7264 0.1352 
22.8960 0.1342 
23.0656 0.1333 
23.2352 0.1324 
23.4048 0.1314 
23.5744 0.1305 
23.7440 0.1296 
23.9136 0.1287 
24.0832 0.1278 
24.2528 0.1269 
24.4224 0.1260 
24.5920 0.1252 
24.7616 0.1243 
24.9312 0.1234 
25.1008 0.1226 
25.2704 0.1217 
25.4400 0.1208 
25.6096 0.1200 
25.7792 0.1191 
25.9488 0.1183 
26.1184 0.1174 
26.2880 0.1166 
26.4576 0.1158 
26.6272 0.1150 
26.7968 0.1141 
26.9664 0.1133 
27.1360 0.1125 
27.3056 0.1117 
27.4752 0.1109 
27.6448 0.1101 
27.8144 0.1093 
27.9840 0.1085 
28.1536 0.1078 
28.3232 0.1070 
28.4928 0.1062 
28.6624 0.1054 
28.8320 0.1047 
29.0016 0.1039 
29.1712 0.1032 
29.3408 0.1024 
29.5104 0.1017 
29.6800 0.1009 
29.8496 0.1002 
30.0192 0.0995 
30.1888 0.0987 
30.3584 0.0980 
30.5280 0.0973 
30.6976 0.0966 
30.8672 0.0959 
31.0368 0.0952 
31.2064 0.0945 
31.3760 0.0938 
31.5456 0.0931 
31.7152 0.0924 
31.8848 0.0917 
32.0544 0.0910 
32.2240 0.0903 
32.3936 0.0896 
32.5632 0.0890 
32.7328 0.0883 
32.9024 0.0876 
33.0720 0.0870 
33.2416 0.0863 
33.4112 0.0857 
33.5808 0.0850 
33.7504 0.0844 
33.9200 0.0838 
34.0896 0.0831 
34.2592 0.0825 
34.4288 0.0819 
34.5984 0.0812 
34.7680 0.0806 
34.9376 0.0800 
35.1072 0.0794 
35.2768 0.0788 
35.4464 0.0782 
35.6160 0.0776 
35.7856 0.0770 
35.9552 0.0764 
36.1248 0.0758 
36.2944 0.0752 
36.4640 0.0746 
36.6336 0.0740 
36.8032 0.0735 
36.9728 0.0729 
37.1424 0.0723 
37.3120 0.0718 
37.4816 0.0712 
37.6512 0.0706 
37.8208 0.0701 
37.9904 0.0695 
38.1600 0.0690 
38.3296 0.0684 
38.4992 0.0679 
38.6688 0.0673 
38.8384 0.0668 
39.0080 0.0663 
39.1776 0.0657 
39.3472 0.0652 
39.5168 0.0647 
39.6864 0.0642 
39.8560 0.0637 
40.0256 0.0632 
40.1952 0.0626 
40.3648 0.0621 
40.5344 0.0616 
40.7040 0.0611 
40.8736 0.0606 
41.0432 0.0601 
41.2128 0.0596 
41.3824 0.0592 
41.5520 0.0587 
41.7216 0.0582 
41.8912 0.0577 
42.0608 0.0572 
42.2304 0.0568 
42.4000 0.0563 
42.5696 0.0558 
42.7392 0.0554 
42.9088 0.0549 
43.0784 0.0544 
43.2480 0.0540 
43.4176 0.0535 
43.5872 0.0531 
43.7568 0.0526 
43.9264 0.0522 
44.0960 0.0518 
44.2656 0.0513 
44.4352 0.0509 
44.6048 0.0504 
44.7744 0.0500 
44.9440 0.0496 
45.1136 0.0492 
45.2832 0.0487 
45.4528 0.0483 
45.6224 0.0479 
45.7920 0.0475 
45.9616 0.0471 
46.1312 0.0467 
46.3008 0.0463 
46.4704 0.0459 
46.6400 0.0455 
46.8096 0.0451 
46.9792 0.0447 
47.1488 0.0443 
47.3184 0.0439 
47.4880 0.0435 
47.6576 0.0431 
47.8272 0.0427 
47.9968 0.0424 
48.1664 0.0420 
48.3360 0.0416 
48.5056 0.0412 
48.6752 0.0409 
48.8448 0.0405 
49.0144 0.0401 
49.1840 0.0398 
49.3536 0.0394 
49.5232 0.0390 
49.6928 0.0387 
49.8624 0.0383 
50.0320 0.0380 
50.2016 0.0376 
50.3712 0.0373 
50.5408 0.0369 
50.7104 0.0366 
50.8800 0.0363 
51.0496 0.0359 
51.2192 0.0356 
51.3888 0.0353 
51.5584 0.0349 
51.7280 0.0346 
51.8976 0.0343 
52.0672 0.0340 
52.2368 0.0336 
52.4064 0.0333 
52.5760 0.0330 
52.7456 0.0327 
52.9152 0.0324 
53.0848 0.0321 
53.2544 0.0318 
53.4240 0.0314 
53.5936 0.0311 
53.7632 0.0308 
53.9328 0.0305 
54.1024 0.0302 
54.2720 0.0300 
54.4416 0.0297 
54.6112 0.0294 
54.7808 0.0291 
54.9504 0.0288 
55.1200 0.0285 
55.2896 0.0282 
55.4592 0.0279 
55.6288 0.0277 
55.7984 0.0274 
55.9680 0.0271 
56.1376 0.0268 
56.3072 0.0266 
56.4768 0.0263 
56.6464 0.0260 
56.8160 0.0258 
56.9856 0.0255 
57.1552 0.0252 
57.3248 0.0250 
57.4944 0.0247 
57.6640 0.0245 
57.8336 0.0242 
58.0032 0.0240 
58.1728 0.0237 
58.3424 0.0235 
58.5120 0.0232 
58.6816 0.0230 
58.8512 0.0227 
59.0208 0.0225 
59.1904 0.0223 
59.3600 0.0220 
59.5296 0.0218 
59.6992 0.0216 
59.8688 0.0213 
60.0384 0.0211 
60.2080 0.0209 
60.3776 0.0206 
60.5472 0.0204 
60.7168 0.0202 
60.8864 0.0200 
61.0560 0.0198 
61.2256 0.0195 
61.3952 0.0193 
61.5648 0.0191 
61.7344 0.0189 
61.9040 0.0187 
62.0736 0.0185 
62.2432 0.0183 
62.4128 0.0181 
62.5824 0.0179 
62.7520 0.0177 
62.9216 0.0175 
63.0912 0.0173 
63.2608 0.0171 
63.4304 0.0169 
63.6000 0.0167 
63.7696 0.0165 
63.9392 0.0163 
64.1088 0.0161 
64.2784 0.0159 
64.4480 0.0157 
64.6176 0.0155 
64.7872 0.0154 
64.9568 0.0152 
65.1264 0.0150 
65.2960 0.0148 
65.4656 0.0146 
65.6352 0.0145 
65.8048 0.0143 
65.9744 0.0141 
66.1440 0.0139 
66.3136 0.0138 
66.4832 0.0136 
66.6528 0.0134 
66.8224 0.0133 
66.9920 0.0131 
67.1616 0.0129 
67.3312 0.0128 
67.5008 0.0126 
67.6704 0.0125 
67.8400 0.0123 
68.0096 0.0122 
68.1792 0.0120 
68.3488 0.0118 
68.5184 0.0117 
68.6880 0.0115 
68.8576 0.0114 
69.0272 0.0112 
69.1968 0.0111 
69.3664 0.0110 
69.5360 0.0108 
69.7056 0.0107 
69.8752 0.0105 
70.0448 0.0104 
70.2144 0.0102 
70.3840 0.0101 
70.5536 0.0100 
70.7232 0.0098 
70.8928 0.0097 
71.0624 0.0096 
71.2320 0.0094 
71.4016 0.0093 
71.5712 0.0092 
71.7408 0.0090 
71.9104 0.0089 
72.0800 0.0088 
72.2496 0.0087 
72.4192 0.0085 
72.5888 0.0084 
72.7584 0.0083 
72.9280 0.0081 
73.0976 0.0080 
73.2672 0.0079 
73.4368 0.0078 
73.6064 0.0077 
73.7760 0.0075 
73.9456 0.0074 
74.1152 0.0073 
74.2848 0.0072 
74.4544 0.0070 
74.6240 0.0069 
74.7936 0.0068 
74.9632 0.0067 
75.1328 0.0066 
75.3024 0.0065 
75.4720 0.0063 
75.6416 0.0062 
75.8112 0.0061 
75.9808 0.0060 
76.1504 0.0059 
76.3200 0.0057 
76.4896 0.0056 
76.6592 0.0055 
76.8288 0.0054 
76.9984 0.0053 
77.1680 0.0052 
77.3376 0.0051 
77.5072 0.0049 
77.6768 0.0048 
77.8464 0.0047 
78.0160 0.0046 
78.1856 0.0045 
78.3552 0.0044 
78.5248 0.0043 
78.6944 0.0041 
78.8640 0.0040 
79.0336 0.0039 
79.2032 0.0038 
79.3728 0.0037 
79.5424 0.0036 
79.7120 0.0035 
79.8816 0.0033 
80.0512 0.0032 
80.2208 0.0031 
80.3904 0.0030 
80.5600 0.0029 
80.7296 0.0028 
80.8992 0.0027 
81.0688 0.0026 
81.2384 0.0024 
81.4080 0.0023 
81.5776 0.0022 
81.7472 0.0021 
81.9168 0.0020 
82.0864 0.0019 
82.2560 0.0018 
82.4256 0.0017 
82.5952 0.0016 
82.7648 0.0014 
82.9344 0.0013 
83.1040 0.0012 
83.2736 0.0011 
83.4432 0.0010 
83.6128 0.0009 
83.7824 0.0008 
83.9520 0.0007 
84.1216 0.0006 
84.2912 0.0004 
84.4608 0.0003 
84.6304 0.0002 
84.8000 0.0001 
84.9696 0.0000 
