0.1192 0.1701 
0.2384 0.1701 
0.3576 0.1701 
0.4768 0.1701 
0.5960 0.1700 
0.7152 0.1700 
0.8344 0.1699 
0.9536 0.1698 
1.0728 0.1698 
1.1920 0.1697 
1.3112 0.1695 
1.4304 0.1694 
1.5496 0.1693 
1.6688 0.1691 
1.7880 0.1690 
1.9072 0.1688 
2.0264 0.1686 
2.1456 0.1684 
2.2648 0.1682 
2.3840 0.1680 
2.5032 0.1677 
2.6224 0.1675 
2.7416 0.1672 
2.8608 0.1670 
2.9800 0.1667 
3.0992 0.1664 
3.2184 0.1661 
3.3376 0.1658 
3.4568 0.1655 
3.5760 0.1651 
3.6952 0.1648 
3.8144 0.1644 
3.9336 0.1640 
4.0528 0.1636 
4.1720 0.1632 
4.2912 0.1628 
4.4104 0.1624 
4.5296 0.1619 
4.6488 0.1615 
4.7680 0.1610 
4.8872 0.1606 
5.0064 0.1601 
5.1256 0.1596 
5.2448 0.1591 
5.3640 0.1586 
5.4832 0.1580 
5.6024 0.1575 
5.7216 0.1569 
5.8408 0.1563 
5.9600 0.1558 
6.0792 0.1552 
6.1984 0.1546 
6.3176 0.1540 
6.4368 0.1533 
6.5560 0.1527 
6.6752 0.1520 
6.7944 0.1514 
6.9136 0.1507 
7.0328 0.1500 
7.1520 0.1493 
7.2712 0.1486 
7.3904 0.1479 
7.5096 0.1472 
7.6288 0.1465 
7.7480 0.1458 
7.8672 0.1451 
7.9864 0.1443 
8.1056 0.1436 
8.2248 0.1429 
8.3440 0.1422 
8.4632 0.1416 
8.5824 0.1409 
8.7016 0.1402 
8.8208 0.1395 
8.9400 0.1388 
9.0592 0.1381 
9.1784 0.1374 
9.2976 0.1368 
9.4168 0.1361 
9.5360 0.1354 
9.6552 0.1347 
9.7744 0.1341 
9.8936 0.1334 
10.0128 0.1328 
10.1320 0.1321 
10.2512 0.1314 
10.3704 0.1308 
10.4896 0.1301 
10.6088 0.1295 
10.7280 0.1288 
10.8472 0.1282 
10.9664 0.1276 
11.0856 0.1269 
11.2048 0.1263 
11.3240 0.1256 
11.4432 0.1250 
11.5624 0.1244 
11.6816 0.1238 
11.8008 0.1231 
11.9200 0.1225 
12.0392 0.1219 
12.1584 0.1213 
12.2776 0.1207 
12.3968 0.1201 
12.5160 0.1195 
12.6352 0.1188 
12.7544 0.1182 
12.8736 0.1176 
12.9928 0.1170 
13.1120 0.1164 
13.2312 0.1158 
13.3504 0.1153 
13.4696 0.1147 
13.5888 0.1141 
13.7080 0.1135 
13.8272 0.1129 
13.9464 0.1123 
14.0656 0.1118 
14.1848 0.1112 
14.3040 0.1106 
14.4232 0.1100 
14.5424 0.1095 
14.6616 0.1089 
14.7808 0.1083 
14.9000 0.1078 
15.0192 0.1072 
15.1384 0.1067 
15.2576 0.1061 
15.3768 0.1055 
15.4960 0.1050 
15.6152 0.1044 
15.7344 0.1039 
15.8536 0.1034 
15.9728 0.1028 
16.0920 0.1023 
16.2112 0.1017 
16.3304 0.1012 
16.4496 0.1007 
16.5688 0.1001 
16.6880 0.0996 
16.8072 0.0991 
16.9264 0.0986 
17.0456 0.0980 
17.1648 0.0975 
17.2840 0.0970 
17.4032 0.0965 
17.5224 0.0960 
17.6416 0.0954 
17.7608 0.0949 
17.8800 0.0944 
17.9992 0.0939 
18.1184 0.0934 
18.2376 0.0929 
18.3568 0.0924 
18.4760 0.0919 
18.5952 0.0914 
18.7144 0.0909 
18.8336 0.0904 
18.9528 0.0899 
19.0720 0.0895 
19.1912 0.0890 
19.3104 0.0885 
19.4296 0.0880 
19.5488 0.0875 
19.6680 0.0870 
19.7872 0.0866 
19.9064 0.0861 
20.0256 0.0856 
20.1448 0.0852 
20.2640 0.0847 
20.3832 0.0842 
20.5024 0.0838 
20.6216 0.0833 
20.7408 0.0828 
20.8600 0.0824 
20.9792 0.0819 
21.0984 0.0815 
21.2176 0.0810 
21.3368 0.0806 
21.4560 0.0801 
21.5752 0.0797 
21.6944 0.0792 
21.8136 0.0788 
21.9328 0.0783 
22.0520 0.0779 
22.1712 0.0774 
22.2904 0.0770 
22.4096 0.0766 
22.5288 0.0761 
22.6480 0.0757 
22.7672 0.0753 
22.8864 0.0748 
23.0056 0.0744 
23.1248 0.0740 
23.2440 0.0736 
23.3632 0.0731 
23.4824 0.0727 
23.6016 0.0723 
23.7208 0.0719 
23.8400 0.0715 
23.9592 0.0711 
24.0784 0.0707 
24.1976 0.0702 
24.3168 0.0698 
24.4360 0.0694 
24.5552 0.0690 
24.6744 0.0686 
24.7936 0.0682 
24.9128 0.0678 
25.0320 0.0674 
25.1512 0.0670 
25.2704 0.0666 
25.3896 0.0662 
25.5088 0.0659 
25.6280 0.0655 
25.7472 0.0651 
25.8664 0.0647 
25.9856 0.0643 
26.1048 0.0639 
26.2240 0.0635 
26.3432 0.0632 
26.4624 0.0628 
26.5816 0.0624 
26.7008 0.0620 
26.8200 0.0617 
26.9392 0.0613 
27.0584 0.0609 
27.1776 0.0605 
27.2968 0.0602 
27.4160 0.0598 
27.5352 0.0594 
27.6544 0.0591 
27.7736 0.0587 
27.8928 0.0584 
28.0120 0.0580 
28.1312 0.0576 
28.2504 0.0573 
28.3696 0.0569 
28.4888 0.0566 
28.6080 0.0562 
28.7272 0.0559 
28.8464 0.0555 
28.9656 0.0552 
29.0848 0.0548 
29.2040 0.0545 
29.3232 0.0541 
29.4424 0.0538 
29.5616 0.0535 
29.6808 0.0531 
29.8000 0.0528 
29.9192 0.0525 
30.0384 0.0521 
30.1576 0.0518 
30.2768 0.0515 
30.3960 0.0511 
30.5152 0.0508 
30.6344 0.0505 
30.7536 0.0501 
30.8728 0.0498 
30.9920 0.0495 
31.1112 0.0492 
31.2304 0.0489 
31.3496 0.0485 
31.4688 0.0482 
31.5880 0.0479 
31.7072 0.0476 
31.8264 0.0473 
31.9456 0.0470 
32.0648 0.0466 
32.1840 0.0463 
32.3032 0.0460 
32.4224 0.0457 
32.5416 0.0454 
32.6608 0.0451 
32.7800 0.0448 
32.8992 0.0445 
33.0184 0.0442 
33.1376 0.0439 
33.2568 0.0436 
33.3760 0.0433 
33.4952 0.0430 
33.6144 0.0427 
33.7336 0.0424 
33.8528 0.0421 
33.9720 0.0418 
34.0912 0.0416 
34.2104 0.0413 
34.3296 0.0410 
34.4488 0.0407 
34.5680 0.0404 
34.6872 0.0401 
34.8064 0.0398 
34.9256 0.0396 
35.0448 0.0393 
35.1640 0.0390 
35.2832 0.0387 
35.4024 0.0384 
35.5216 0.0382 
35.6408 0.0379 
35.7600 0.0376 
35.8792 0.0373 
35.9984 0.0371 
36.1176 0.0368 
36.2368 0.0365 
36.3560 0.0363 
36.4752 0.0360 
36.5944 0.0357 
36.7136 0.0355 
36.8328 0.0352 
36.9520 0.0350 
37.0712 0.0347 
37.1904 0.0344 
37.3096 0.0342 
37.4288 0.0339 
37.5480 0.0337 
37.6672 0.0334 
37.7864 0.0332 
37.9056 0.0329 
38.0248 0.0326 
38.1440 0.0324 
38.2632 0.0321 
38.3824 0.0319 
38.5016 0.0317 
38.6208 0.0314 
38.7400 0.0312 
38.8592 0.0309 
38.9784 0.0307 
39.0976 0.0304 
39.2168 0.0302 
39.3360 0.0300 
39.4552 0.0297 
39.5744 0.0295 
39.6936 0.0292 
39.8128 0.0290 
39.9320 0.0288 
40.0512 0.0285 
40.1704 0.0283 
40.2896 0.0281 
40.4088 0.0278 
40.5280 0.0276 
40.6472 0.0274 
40.7664 0.0271 
40.8856 0.0269 
41.0048 0.0267 
41.1240 0.0265 
41.2432 0.0262 
41.3624 0.0260 
41.4816 0.0258 
41.6008 0.0256 
41.7200 0.0254 
41.8392 0.0251 
41.9584 0.0249 
42.0776 0.0247 
42.1968 0.0245 
42.3160 0.0243 
42.4352 0.0241 
42.5544 0.0238 
42.6736 0.0236 
42.7928 0.0234 
42.9120 0.0232 
43.0312 0.0230 
43.1504 0.0228 
43.2696 0.0226 
43.3888 0.0224 
43.5080 0.0222 
43.6272 0.0220 
43.7464 0.0218 
43.8656 0.0216 
43.9848 0.0214 
44.1040 0.0212 
44.2232 0.0210 
44.3424 0.0208 
44.4616 0.0206 
44.5808 0.0204 
44.7000 0.0202 
44.8192 0.0200 
44.9384 0.0198 
45.0576 0.0196 
45.1768 0.0194 
45.2960 0.0192 
45.4152 0.0190 
45.5344 0.0188 
45.6536 0.0186 
45.7728 0.0184 
45.8920 0.0182 
46.0112 0.0180 
46.1304 0.0179 
46.2496 0.0177 
46.3688 0.0175 
46.4880 0.0173 
46.6072 0.0171 
46.7264 0.0169 
46.8456 0.0167 
46.9648 0.0166 
47.0840 0.0164 
47.2032 0.0162 
47.3224 0.0160 
47.4416 0.0158 
47.5608 0.0157 
47.6800 0.0155 
47.7992 0.0153 
47.9184 0.0151 
48.0376 0.0150 
48.1568 0.0148 
48.2760 0.0146 
48.3952 0.0144 
48.5144 0.0143 
48.6336 0.0141 
48.7528 0.0139 
48.8720 0.0138 
48.9912 0.0136 
49.1104 0.0134 
49.2296 0.0133 
49.3488 0.0131 
49.4680 0.0129 
49.5872 0.0128 
49.7064 0.0126 
49.8256 0.0124 
49.9448 0.0123 
50.0640 0.0121 
50.1832 0.0119 
50.3024 0.0118 
50.4216 0.0116 
50.5408 0.0114 
50.6600 0.0113 
50.7792 0.0111 
50.8984 0.0110 
51.0176 0.0108 
51.1368 0.0107 
51.2560 0.0105 
51.3752 0.0103 
51.4944 0.0102 
51.6136 0.0100 
51.7328 0.0099 
51.8520 0.0097 
51.9712 0.0096 
52.0904 0.0094 
52.2096 0.0093 
52.3288 0.0091 
52.4480 0.0089 
52.5672 0.0088 
52.6864 0.0086 
52.8056 0.0085 
52.9248 0.0083 
53.0440 0.0082 
53.1632 0.0080 
53.2824 0.0079 
53.4016 0.0077 
53.5208 0.0076 
53.6400 0.0074 
53.7592 0.0073 
53.8784 0.0071 
53.9976 0.0070 
54.1168 0.0068 
54.2360 0.0067 
54.3552 0.0065 
54.4744 0.0064 
54.5936 0.0062 
54.7128 0.0061 
54.8320 0.0060 
54.9512 0.0058 
55.0704 0.0057 
55.1896 0.0055 
55.3088 0.0054 
55.4280 0.0052 
55.5472 0.0051 
55.6664 0.0049 
55.7856 0.0048 
55.9048 0.0046 
56.0240 0.0045 
56.1432 0.0043 
56.2624 0.0042 
56.3816 0.0041 
56.5008 0.0039 
56.6200 0.0038 
56.7392 0.0036 
56.8584 0.0035 
56.9776 0.0033 
57.0968 0.0032 
57.2160 0.0030 
57.3352 0.0029 
57.4544 0.0027 
57.5736 0.0026 
57.6928 0.0025 
57.8120 0.0023 
57.9312 0.0022 
58.0504 0.0020 
58.1696 0.0019 
58.2888 0.0017 
58.4080 0.0016 
58.5272 0.0014 
58.6464 0.0013 
58.7656 0.0012 
58.8848 0.0010 
59.0040 0.0009 
59.1232 0.0007 
59.2424 0.0006 
59.3616 0.0004 
59.4808 0.0003 
59.6000 0.0001 
59.7192 0.0000 
