0.0904 0.1196 
0.1808 0.1196 
0.2712 0.1196 
0.3616 0.1196 
0.4520 0.1196 
0.5424 0.1195 
0.6328 0.1195 
0.7232 0.1194 
0.8136 0.1194 
0.9040 0.1193 
0.9944 0.1193 
1.0848 0.1192 
1.1752 0.1191 
1.2656 0.1190 
1.3560 0.1189 
1.4464 0.1188 
1.5368 0.1187 
1.6272 0.1186 
1.7176 0.1184 
1.8080 0.1183 
1.8984 0.1182 
1.9888 0.1180 
2.0792 0.1179 
2.1696 0.1177 
2.2600 0.1175 
2.3504 0.1174 
2.4408 0.1172 
2.5312 0.1170 
2.6216 0.1168 
2.7120 0.1166 
2.8024 0.1164 
2.8928 0.1162 
2.9832 0.1159 
3.0736 0.1157 
3.1640 0.1155 
3.2544 0.1152 
3.3448 0.1150 
3.4352 0.1147 
3.5256 0.1144 
3.6160 0.1142 
3.7064 0.1139 
3.7968 0.1136 
3.8872 0.1133 
3.9776 0.1130 
4.0680 0.1127 
4.1584 0.1124 
4.2488 0.1120 
4.3392 0.1117 
4.4296 0.1114 
4.5200 0.1110 
4.6104 0.1107 
4.7008 0.1103 
4.7912 0.1099 
4.8816 0.1095 
4.9720 0.1092 
5.0624 0.1088 
5.1528 0.1084 
5.2432 0.1080 
5.3336 0.1076 
5.4240 0.1071 
5.5144 0.1067 
5.6048 0.1063 
5.6952 0.1059 
5.7856 0.1054 
5.8760 0.1050 
5.9664 0.1046 
6.0568 0.1042 
6.1472 0.1037 
6.2376 0.1033 
6.3280 0.1029 
6.4184 0.1025 
6.5088 0.1021 
6.5992 0.1017 
6.6896 0.1012 
6.7800 0.1008 
6.8704 0.1004 
6.9608 0.1000 
7.0512 0.0996 
7.1416 0.0992 
7.2320 0.0988 
7.3224 0.0984 
7.4128 0.0980 
7.5032 0.0975 
7.5936 0.0971 
7.6840 0.0967 
7.7744 0.0963 
7.8648 0.0959 
7.9552 0.0955 
8.0456 0.0951 
8.1360 0.0948 
8.2264 0.0944 
8.3168 0.0940 
8.4072 0.0936 
8.4976 0.0932 
8.5880 0.0928 
8.6784 0.0924 
8.7688 0.0920 
8.8592 0.0916 
8.9496 0.0912 
9.0400 0.0909 
9.1304 0.0905 
9.2208 0.0901 
9.3112 0.0897 
9.4016 0.0893 
9.4920 0.0889 
9.5824 0.0886 
9.6728 0.0882 
9.7632 0.0878 
9.8536 0.0874 
9.9440 0.0871 
10.0344 0.0867 
10.1248 0.0863 
10.2152 0.0860 
10.3056 0.0856 
10.3960 0.0852 
10.4864 0.0849 
10.5768 0.0845 
10.6672 0.0841 
10.7576 0.0838 
10.8480 0.0834 
10.9384 0.0830 
11.0288 0.0827 
11.1192 0.0823 
11.2096 0.0820 
11.3000 0.0816 
11.3904 0.0812 
11.4808 0.0809 
11.5712 0.0805 
11.6616 0.0802 
11.7520 0.0798 
11.8424 0.0795 
11.9328 0.0791 
12.0232 0.0788 
12.1136 0.0784 
12.2040 0.0781 
12.2944 0.0777 
12.3848 0.0774 
12.4752 0.0771 
12.5656 0.0767 
12.6560 0.0764 
12.7464 0.0760 
12.8368 0.0757 
12.9272 0.0754 
13.0176 0.0750 
13.1080 0.0747 
13.1984 0.0743 
13.2888 0.0740 
13.3792 0.0737 
13.4696 0.0733 
13.5600 0.0730 
13.6504 0.0727 
13.7408 0.0724 
13.8312 0.0720 
13.9216 0.0717 
14.0120 0.0714 
14.1024 0.0711 
14.1928 0.0707 
14.2832 0.0704 
14.3736 0.0701 
14.4640 0.0698 
14.5544 0.0694 
14.6448 0.0691 
14.7352 0.0688 
14.8256 0.0685 
14.9160 0.0682 
15.0064 0.0679 
15.0968 0.0675 
15.1872 0.0672 
15.2776 0.0669 
15.3680 0.0666 
15.4584 0.0663 
15.5488 0.0660 
15.6392 0.0657 
15.7296 0.0654 
15.8200 0.0651 
15.9104 0.0647 
16.0008 0.0644 
16.0912 0.0641 
16.1816 0.0638 
16.2720 0.0635 
16.3624 0.0632 
16.4528 0.0629 
16.5432 0.0626 
16.6336 0.0623 
16.7240 0.0620 
16.8144 0.0617 
16.9048 0.0614 
16.9952 0.0611 
17.0856 0.0608 
17.1760 0.0606 
17.2664 0.0603 
17.3568 0.0600 
17.4472 0.0597 
17.5376 0.0594 
17.6280 0.0591 
17.7184 0.0588 
17.8088 0.0585 
17.8992 0.0582 
17.9896 0.0579 
18.0800 0.0577 
18.1704 0.0574 
18.2608 0.0571 
18.3512 0.0568 
18.4416 0.0565 
18.5320 0.0563 
18.6224 0.0560 
18.7128 0.0557 
18.8032 0.0554 
18.8936 0.0551 
18.9840 0.0549 
19.0744 0.0546 
19.1648 0.0543 
19.2552 0.0540 
19.3456 0.0538 
19.4360 0.0535 
19.5264 0.0532 
19.6168 0.0529 
19.7072 0.0527 
19.7976 0.0524 
19.8880 0.0521 
19.9784 0.0519 
20.0688 0.0516 
20.1592 0.0513 
20.2496 0.0511 
20.3400 0.0508 
20.4304 0.0505 
20.5208 0.0503 
20.6112 0.0500 
20.7016 0.0498 
20.7920 0.0495 
20.8824 0.0492 
20.9728 0.0490 
21.0632 0.0487 
21.1536 0.0485 
21.2440 0.0482 
21.3344 0.0479 
21.4248 0.0477 
21.5152 0.0474 
21.6056 0.0472 
21.6960 0.0469 
21.7864 0.0467 
21.8768 0.0464 
21.9672 0.0462 
22.0576 0.0459 
22.1480 0.0457 
22.2384 0.0454 
22.3288 0.0452 
22.4192 0.0449 
22.5096 0.0447 
22.6000 0.0444 
22.6904 0.0442 
22.7808 0.0440 
22.8712 0.0437 
22.9616 0.0435 
23.0520 0.0432 
23.1424 0.0430 
23.2328 0.0427 
23.3232 0.0425 
23.4136 0.0423 
23.5040 0.0420 
23.5944 0.0418 
23.6848 0.0416 
23.7752 0.0413 
23.8656 0.0411 
23.9560 0.0408 
24.0464 0.0406 
24.1368 0.0404 
24.2272 0.0401 
24.3176 0.0399 
24.4080 0.0397 
24.4984 0.0395 
24.5888 0.0392 
24.6792 0.0390 
24.7696 0.0388 
24.8600 0.0385 
24.9504 0.0383 
25.0408 0.0381 
25.1312 0.0379 
25.2216 0.0376 
25.3120 0.0374 
25.4024 0.0372 
25.4928 0.0370 
25.5832 0.0367 
25.6736 0.0365 
25.7640 0.0363 
25.8544 0.0361 
25.9448 0.0359 
26.0352 0.0356 
26.1256 0.0354 
26.2160 0.0352 
26.3064 0.0350 
26.3968 0.0348 
26.4872 0.0346 
26.5776 0.0343 
26.6680 0.0341 
26.7584 0.0339 
26.8488 0.0337 
26.9392 0.0335 
27.0296 0.0333 
27.1200 0.0331 
27.2104 0.0328 
27.3008 0.0326 
27.3912 0.0324 
27.4816 0.0322 
27.5720 0.0320 
27.6624 0.0318 
27.7528 0.0316 
27.8432 0.0314 
27.9336 0.0312 
28.0240 0.0310 
28.1144 0.0308 
28.2048 0.0306 
28.2952 0.0304 
28.3856 0.0302 
28.4760 0.0300 
28.5664 0.0298 
28.6568 0.0296 
28.7472 0.0294 
28.8376 0.0292 
28.9280 0.0290 
29.0184 0.0288 
29.1088 0.0286 
29.1992 0.0284 
29.2896 0.0282 
29.3800 0.0280 
29.4704 0.0278 
29.5608 0.0276 
29.6512 0.0274 
29.7416 0.0272 
29.8320 0.0270 
29.9224 0.0268 
30.0128 0.0266 
30.1032 0.0264 
30.1936 0.0262 
30.2840 0.0260 
30.3744 0.0258 
30.4648 0.0257 
30.5552 0.0255 
30.6456 0.0253 
30.7360 0.0251 
30.8264 0.0249 
30.9168 0.0247 
31.0072 0.0245 
31.0976 0.0243 
31.1880 0.0242 
31.2784 0.0240 
31.3688 0.0238 
31.4592 0.0236 
31.5496 0.0234 
31.6400 0.0232 
31.7304 0.0231 
31.8208 0.0229 
31.9112 0.0227 
32.0016 0.0225 
32.0920 0.0223 
32.1824 0.0221 
32.2728 0.0220 
32.3632 0.0218 
32.4536 0.0216 
32.5440 0.0214 
32.6344 0.0213 
32.7248 0.0211 
32.8152 0.0209 
32.9056 0.0207 
32.9960 0.0206 
33.0864 0.0204 
33.1768 0.0202 
33.2672 0.0200 
33.3576 0.0199 
33.4480 0.0197 
33.5384 0.0195 
33.6288 0.0193 
33.7192 0.0192 
33.8096 0.0190 
33.9000 0.0188 
33.9904 0.0187 
34.0808 0.0185 
34.1712 0.0183 
34.2616 0.0182 
34.3520 0.0180 
34.4424 0.0178 
34.5328 0.0177 
34.6232 0.0175 
34.7136 0.0173 
34.8040 0.0172 
34.8944 0.0170 
34.9848 0.0168 
35.0752 0.0167 
35.1656 0.0165 
35.2560 0.0163 
35.3464 0.0162 
35.4368 0.0160 
35.5272 0.0158 
35.6176 0.0157 
35.7080 0.0155 
35.7984 0.0154 
35.8888 0.0152 
35.9792 0.0150 
36.0696 0.0149 
36.1600 0.0147 
36.2504 0.0146 
36.3408 0.0144 
36.4312 0.0143 
36.5216 0.0141 
36.6120 0.0139 
36.7024 0.0138 
36.7928 0.0136 
36.8832 0.0135 
36.9736 0.0133 
37.0640 0.0132 
37.1544 0.0130 
37.2448 0.0128 
37.3352 0.0127 
37.4256 0.0125 
37.5160 0.0124 
37.6064 0.0122 
37.6968 0.0121 
37.7872 0.0119 
37.8776 0.0118 
37.9680 0.0116 
38.0584 0.0115 
38.1488 0.0113 
38.2392 0.0112 
38.3296 0.0110 
38.4200 0.0109 
38.5104 0.0107 
38.6008 0.0106 
38.6912 0.0104 
38.7816 0.0103 
38.8720 0.0101 
38.9624 0.0100 
39.0528 0.0098 
39.1432 0.0097 
39.2336 0.0095 
39.3240 0.0094 
39.4144 0.0092 
39.5048 0.0091 
39.5952 0.0090 
39.6856 0.0088 
39.7760 0.0087 
39.8664 0.0085 
39.9568 0.0084 
40.0472 0.0082 
40.1376 0.0081 
40.2280 0.0079 
40.3184 0.0078 
40.4088 0.0076 
40.4992 0.0075 
40.5896 0.0074 
40.6800 0.0072 
40.7704 0.0071 
40.8608 0.0069 
40.9512 0.0068 
41.0416 0.0066 
41.1320 0.0065 
41.2224 0.0064 
41.3128 0.0062 
41.4032 0.0061 
41.4936 0.0059 
41.5840 0.0058 
41.6744 0.0056 
41.7648 0.0055 
41.8552 0.0054 
41.9456 0.0052 
42.0360 0.0051 
42.1264 0.0049 
42.2168 0.0048 
42.3072 0.0046 
42.3976 0.0045 
42.4880 0.0044 
42.5784 0.0042 
42.6688 0.0041 
42.7592 0.0039 
42.8496 0.0038 
42.9400 0.0037 
43.0304 0.0035 
43.1208 0.0034 
43.2112 0.0032 
43.3016 0.0031 
43.3920 0.0030 
43.4824 0.0028 
43.5728 0.0027 
43.6632 0.0025 
43.7536 0.0024 
43.8440 0.0022 
43.9344 0.0021 
44.0248 0.0020 
44.1152 0.0018 
44.2056 0.0017 
44.2960 0.0015 
44.3864 0.0014 
44.4768 0.0013 
44.5672 0.0011 
44.6576 0.0010 
44.7480 0.0008 
44.8384 0.0007 
44.9288 0.0006 
45.0192 0.0004 
45.1096 0.0003 
45.2000 0.0001 
45.2904 0.0000 
