0.1552 0.2342 
0.3104 0.2342 
0.4656 0.2341 
0.6208 0.2341 
0.7760 0.2340 
0.9312 0.2339 
1.0864 0.2338 
1.2416 0.2337 
1.3968 0.2335 
1.5520 0.2334 
1.7072 0.2332 
1.8624 0.2330 
2.0176 0.2328 
2.1728 0.2325 
2.3280 0.2323 
2.4832 0.2320 
2.6384 0.2317 
2.7936 0.2314 
2.9488 0.2310 
3.1040 0.2307 
3.2592 0.2303 
3.4144 0.2299 
3.5696 0.2295 
3.7248 0.2290 
3.8800 0.2286 
4.0352 0.2281 
4.1904 0.2276 
4.3456 0.2271 
4.5008 0.2265 
4.6560 0.2260 
4.8112 0.2254 
4.9664 0.2248 
5.1216 0.2242 
5.2768 0.2236 
5.4320 0.2229 
5.5872 0.2222 
5.7424 0.2215 
5.8976 0.2208 
6.0528 0.2201 
6.2080 0.2193 
6.3632 0.2186 
6.5184 0.2178 
6.6736 0.2170 
6.8288 0.2161 
6.9840 0.2153 
7.1392 0.2144 
7.2944 0.2135 
7.4496 0.2126 
7.6048 0.2117 
7.7600 0.2107 
7.9152 0.2098 
8.0704 0.2088 
8.2256 0.2078 
8.3808 0.2068 
8.5360 0.2057 
8.6912 0.2046 
8.8464 0.2036 
9.0016 0.2025 
9.1568 0.2013 
9.3120 0.2002 
9.4672 0.1991 
9.6224 0.1979 
9.7776 0.1967 
9.9328 0.1956 
10.0880 0.1944 
10.2432 0.1933 
10.3984 0.1921 
10.5536 0.1910 
10.7088 0.1899 
10.8640 0.1887 
11.0192 0.1876 
11.1744 0.1865 
11.3296 0.1854 
11.4848 0.1843 
11.6400 0.1832 
11.7952 0.1821 
11.9504 0.1810 
12.1056 0.1799 
12.2608 0.1788 
12.4160 0.1777 
12.5712 0.1767 
12.7264 0.1756 
12.8816 0.1745 
13.0368 0.1735 
13.1920 0.1724 
13.3472 0.1714 
13.5024 0.1703 
13.6576 0.1693 
13.8128 0.1683 
13.9680 0.1673 
14.1232 0.1662 
14.2784 0.1652 
14.4336 0.1642 
14.5888 0.1632 
14.7440 0.1622 
14.8992 0.1612 
15.0544 0.1602 
15.2096 0.1592 
15.3648 0.1583 
15.5200 0.1573 
15.6752 0.1563 
15.8304 0.1554 
15.9856 0.1544 
16.1408 0.1534 
16.2960 0.1525 
16.4512 0.1515 
16.6064 0.1506 
16.7616 0.1497 
16.9168 0.1487 
17.0720 0.1478 
17.2272 0.1469 
17.3824 0.1460 
17.5376 0.1451 
17.6928 0.1441 
17.8480 0.1432 
18.0032 0.1423 
18.1584 0.1415 
18.3136 0.1406 
18.4688 0.1397 
18.6240 0.1388 
18.7792 0.1379 
18.9344 0.1370 
19.0896 0.1362 
19.2448 0.1353 
19.4000 0.1345 
19.5552 0.1336 
19.7104 0.1328 
19.8656 0.1319 
20.0208 0.1311 
20.1760 0.1302 
20.3312 0.1294 
20.4864 0.1286 
20.6416 0.1277 
20.7968 0.1269 
20.9520 0.1261 
21.1072 0.1253 
21.2624 0.1245 
21.4176 0.1237 
21.5728 0.1229 
21.7280 0.1221 
21.8832 0.1213 
22.0384 0.1205 
22.1936 0.1197 
22.3488 0.1190 
22.5040 0.1182 
22.6592 0.1174 
22.8144 0.1167 
22.9696 0.1159 
23.1248 0.1151 
23.2800 0.1144 
23.4352 0.1136 
23.5904 0.1129 
23.7456 0.1122 
23.9008 0.1114 
24.0560 0.1107 
24.2112 0.1100 
24.3664 0.1092 
24.5216 0.1085 
24.6768 0.1078 
24.8320 0.1071 
24.9872 0.1064 
25.1424 0.1057 
25.2976 0.1049 
25.4528 0.1043 
25.6080 0.1036 
25.7632 0.1029 
25.9184 0.1022 
26.0736 0.1015 
26.2288 0.1008 
26.3840 0.1001 
26.5392 0.0995 
26.6944 0.0988 
26.8496 0.0981 
27.0048 0.0975 
27.1600 0.0968 
27.3152 0.0961 
27.4704 0.0955 
27.6256 0.0948 
27.7808 0.0942 
27.9360 0.0936 
28.0912 0.0929 
28.2464 0.0923 
28.4016 0.0916 
28.5568 0.0910 
28.7120 0.0904 
28.8672 0.0898 
29.0224 0.0892 
29.1776 0.0885 
29.3328 0.0879 
29.4880 0.0873 
29.6432 0.0867 
29.7984 0.0861 
29.9536 0.0855 
30.1088 0.0849 
30.2640 0.0843 
30.4192 0.0837 
30.5744 0.0832 
30.7296 0.0826 
30.8848 0.0820 
31.0400 0.0814 
31.1952 0.0808 
31.3504 0.0803 
31.5056 0.0797 
31.6608 0.0791 
31.8160 0.0786 
31.9712 0.0780 
32.1264 0.0775 
32.2816 0.0769 
32.4368 0.0764 
32.5920 0.0758 
32.7472 0.0753 
32.9024 0.0748 
33.0576 0.0742 
33.2128 0.0737 
33.3680 0.0732 
33.5232 0.0726 
33.6784 0.0721 
33.8336 0.0716 
33.9888 0.0711 
34.1440 0.0705 
34.2992 0.0700 
34.4544 0.0695 
34.6096 0.0690 
34.7648 0.0685 
34.9200 0.0680 
35.0752 0.0675 
35.2304 0.0670 
35.3856 0.0665 
35.5408 0.0660 
35.6960 0.0655 
35.8512 0.0651 
36.0064 0.0646 
36.1616 0.0641 
36.3168 0.0636 
36.4720 0.0631 
36.6272 0.0627 
36.7824 0.0622 
36.9376 0.0617 
37.0928 0.0613 
37.2480 0.0608 
37.4032 0.0604 
37.5584 0.0599 
37.7136 0.0594 
37.8688 0.0590 
38.0240 0.0585 
38.1792 0.0581 
38.3344 0.0577 
38.4896 0.0572 
38.6448 0.0568 
38.8000 0.0563 
38.9552 0.0559 
39.1104 0.0555 
39.2656 0.0551 
39.4208 0.0546 
39.5760 0.0542 
39.7312 0.0538 
39.8864 0.0534 
40.0416 0.0529 
40.1968 0.0525 
40.3520 0.0521 
40.5072 0.0517 
40.6624 0.0513 
40.8176 0.0509 
40.9728 0.0505 
41.1280 0.0501 
41.2832 0.0497 
41.4384 0.0493 
41.5936 0.0489 
41.7488 0.0485 
41.9040 0.0481 
42.0592 0.0477 
42.2144 0.0474 
42.3696 0.0470 
42.5248 0.0466 
42.6800 0.0462 
42.8352 0.0459 
42.9904 0.0455 
43.1456 0.0451 
43.3008 0.0447 
43.4560 0.0444 
43.6112 0.0440 
43.7664 0.0436 
43.9216 0.0433 
44.0768 0.0429 
44.2320 0.0426 
44.3872 0.0422 
44.5424 0.0419 
44.6976 0.0415 
44.8528 0.0412 
45.0080 0.0408 
45.1632 0.0405 
45.3184 0.0401 
45.4736 0.0398 
45.6288 0.0395 
45.7840 0.0391 
45.9392 0.0388 
46.0944 0.0385 
46.2496 0.0381 
46.4048 0.0378 
46.5600 0.0375 
46.7152 0.0372 
46.8704 0.0368 
47.0256 0.0365 
47.1808 0.0362 
47.3360 0.0359 
47.4912 0.0356 
47.6464 0.0353 
47.8016 0.0350 
47.9568 0.0346 
48.1120 0.0343 
48.2672 0.0340 
48.4224 0.0337 
48.5776 0.0334 
48.7328 0.0331 
48.8880 0.0328 
49.0432 0.0325 
49.1984 0.0323 
49.3536 0.0320 
49.5088 0.0317 
49.6640 0.0314 
49.8192 0.0311 
49.9744 0.0308 
50.1296 0.0305 
50.2848 0.0303 
50.4400 0.0300 
50.5952 0.0297 
50.7504 0.0294 
50.9056 0.0292 
51.0608 0.0289 
51.2160 0.0286 
51.3712 0.0283 
51.5264 0.0281 
51.6816 0.0278 
51.8368 0.0275 
51.9920 0.0273 
52.1472 0.0270 
52.3024 0.0268 
52.4576 0.0265 
52.6128 0.0263 
52.7680 0.0260 
52.9232 0.0258 
53.0784 0.0255 
53.2336 0.0253 
53.3888 0.0250 
53.5440 0.0248 
53.6992 0.0245 
53.8544 0.0243 
54.0096 0.0240 
54.1648 0.0238 
54.3200 0.0236 
54.4752 0.0233 
54.6304 0.0231 
54.7856 0.0229 
54.9408 0.0226 
55.0960 0.0224 
55.2512 0.0222 
55.4064 0.0219 
55.5616 0.0217 
55.7168 0.0215 
55.8720 0.0213 
56.0272 0.0211 
56.1824 0.0208 
56.3376 0.0206 
56.4928 0.0204 
56.6480 0.0202 
56.8032 0.0200 
56.9584 0.0198 
57.1136 0.0195 
57.2688 0.0193 
57.4240 0.0191 
57.5792 0.0189 
57.7344 0.0187 
57.8896 0.0185 
58.0448 0.0183 
58.2000 0.0181 
58.3552 0.0179 
58.5104 0.0177 
58.6656 0.0175 
58.8208 0.0173 
58.9760 0.0171 
59.1312 0.0169 
59.2864 0.0168 
59.4416 0.0166 
59.5968 0.0164 
59.7520 0.0162 
59.9072 0.0160 
60.0624 0.0158 
60.2176 0.0156 
60.3728 0.0155 
60.5280 0.0153 
60.6832 0.0151 
60.8384 0.0149 
60.9936 0.0147 
61.1488 0.0146 
61.3040 0.0144 
61.4592 0.0142 
61.6144 0.0140 
61.7696 0.0139 
61.9248 0.0137 
62.0800 0.0135 
62.2352 0.0134 
62.3904 0.0132 
62.5456 0.0130 
62.7008 0.0129 
62.8560 0.0127 
63.0112 0.0126 
63.1664 0.0124 
63.3216 0.0122 
63.4768 0.0121 
63.6320 0.0119 
63.7872 0.0118 
63.9424 0.0116 
64.0976 0.0115 
64.2528 0.0113 
64.4080 0.0112 
64.5632 0.0110 
64.7184 0.0109 
64.8736 0.0107 
65.0288 0.0106 
65.1840 0.0104 
65.3392 0.0103 
65.4944 0.0101 
65.6496 0.0100 
65.8048 0.0098 
65.9600 0.0097 
66.1152 0.0096 
66.2704 0.0094 
66.4256 0.0093 
66.5808 0.0091 
66.7360 0.0090 
66.8912 0.0089 
67.0464 0.0087 
67.2016 0.0086 
67.3568 0.0085 
67.5120 0.0083 
67.6672 0.0082 
67.8224 0.0081 
67.9776 0.0079 
68.1328 0.0078 
68.2880 0.0077 
68.4432 0.0075 
68.5984 0.0074 
68.7536 0.0073 
68.9088 0.0071 
69.0640 0.0070 
69.2192 0.0069 
69.3744 0.0067 
69.5296 0.0066 
69.6848 0.0065 
69.8400 0.0064 
69.9952 0.0062 
70.1504 0.0061 
70.3056 0.0060 
70.4608 0.0058 
70.6160 0.0057 
70.7712 0.0056 
70.9264 0.0055 
71.0816 0.0053 
71.2368 0.0052 
71.3920 0.0051 
71.5472 0.0050 
71.7024 0.0048 
71.8576 0.0047 
72.0128 0.0046 
72.1680 0.0045 
72.3232 0.0043 
72.4784 0.0042 
72.6336 0.0041 
72.7888 0.0040 
72.9440 0.0038 
73.0992 0.0037 
73.2544 0.0036 
73.4096 0.0035 
73.5648 0.0033 
73.7200 0.0032 
73.8752 0.0031 
74.0304 0.0030 
74.1856 0.0028 
74.3408 0.0027 
74.4960 0.0026 
74.6512 0.0025 
74.8064 0.0023 
74.9616 0.0022 
75.1168 0.0021 
75.2720 0.0020 
75.4272 0.0018 
75.5824 0.0017 
75.7376 0.0016 
75.8928 0.0015 
76.0480 0.0014 
76.2032 0.0012 
76.3584 0.0011 
76.5136 0.0010 
76.6688 0.0009 
76.8240 0.0007 
76.9792 0.0006 
77.1344 0.0005 
77.2896 0.0004 
77.4448 0.0002 
77.6000 0.0001 
77.7552 0.0000 
