0.2344 0.3895 
0.4688 0.3895 
0.7032 0.3894 
0.9376 0.3893 
1.1720 0.3891 
1.4064 0.3889 
1.6408 0.3887 
1.8752 0.3884 
2.1096 0.3881 
2.3440 0.3878 
2.5784 0.3874 
2.8128 0.3869 
3.0472 0.3864 
3.2816 0.3859 
3.5160 0.3854 
3.7504 0.3847 
3.9848 0.3841 
4.2192 0.3834 
4.4536 0.3827 
4.6880 0.3819 
4.9224 0.3811 
5.1568 0.3802 
5.3912 0.3793 
5.6256 0.3783 
5.8600 0.3774 
6.0944 0.3763 
6.3288 0.3753 
6.5632 0.3741 
6.7976 0.3730 
7.0320 0.3718 
7.2664 0.3705 
7.5008 0.3693 
7.7352 0.3679 
7.9696 0.3666 
8.2040 0.3651 
8.4384 0.3637 
8.6728 0.3622 
8.9072 0.3607 
9.1416 0.3591 
9.3760 0.3575 
9.6104 0.3558 
9.8448 0.3541 
10.0792 0.3523 
10.3136 0.3505 
10.5480 0.3487 
10.7824 0.3468 
11.0168 0.3449 
11.2512 0.3429 
11.4856 0.3409 
11.7200 0.3389 
11.9544 0.3368 
12.1888 0.3347 
12.4232 0.3325 
12.6576 0.3303 
12.8920 0.3280 
13.1264 0.3257 
13.3608 0.3234 
13.5952 0.3210 
13.8296 0.3186 
14.0640 0.3161 
14.2984 0.3137 
14.5328 0.3112 
14.7672 0.3087 
15.0016 0.3062 
15.2360 0.3037 
15.4704 0.3013 
15.7048 0.2988 
15.9392 0.2964 
16.1736 0.2939 
16.4080 0.2915 
16.6424 0.2891 
16.8768 0.2868 
17.1112 0.2844 
17.3456 0.2820 
17.5800 0.2797 
17.8144 0.2774 
18.0488 0.2751 
18.2832 0.2728 
18.5176 0.2705 
18.7520 0.2683 
18.9864 0.2660 
19.2208 0.2638 
19.4552 0.2616 
19.6896 0.2594 
19.9240 0.2572 
20.1584 0.2550 
20.3928 0.2529 
20.6272 0.2508 
20.8616 0.2486 
21.0960 0.2465 
21.3304 0.2444 
21.5648 0.2423 
21.7992 0.2403 
22.0336 0.2382 
22.2680 0.2362 
22.5024 0.2342 
22.7368 0.2321 
22.9712 0.2301 
23.2056 0.2282 
23.4400 0.2262 
23.6744 0.2242 
23.9088 0.2223 
24.1432 0.2204 
24.3776 0.2185 
24.6120 0.2166 
24.8464 0.2147 
25.0808 0.2128 
25.3152 0.2109 
25.5496 0.2091 
25.7840 0.2072 
26.0184 0.2054 
26.2528 0.2036 
26.4872 0.2018 
26.7216 0.2000 
26.9560 0.1983 
27.1904 0.1965 
27.4248 0.1948 
27.6592 0.1930 
27.8936 0.1913 
28.1280 0.1896 
28.3624 0.1879 
28.5968 0.1862 
28.8312 0.1846 
29.0656 0.1829 
29.3000 0.1812 
29.5344 0.1796 
29.7688 0.1780 
30.0032 0.1764 
30.2376 0.1748 
30.4720 0.1732 
30.7064 0.1716 
30.9408 0.1701 
31.1752 0.1685 
31.4096 0.1670 
31.6440 0.1654 
31.8784 0.1639 
32.1128 0.1624 
32.3472 0.1609 
32.5816 0.1595 
32.8160 0.1580 
33.0504 0.1565 
33.2848 0.1551 
33.5192 0.1536 
33.7536 0.1522 
33.9880 0.1508 
34.2224 0.1494 
34.4568 0.1480 
34.6912 0.1466 
34.9256 0.1452 
35.1600 0.1439 
35.3944 0.1425 
35.6288 0.1412 
35.8632 0.1399 
36.0976 0.1385 
36.3320 0.1372 
36.5664 0.1359 
36.8008 0.1346 
37.0352 0.1334 
37.2696 0.1321 
37.5040 0.1308 
37.7384 0.1296 
37.9728 0.1284 
38.2072 0.1271 
38.4416 0.1259 
38.6760 0.1247 
38.9104 0.1235 
39.1448 0.1223 
39.3792 0.1211 
39.6136 0.1199 
39.8480 0.1188 
40.0824 0.1176 
40.3168 0.1165 
40.5512 0.1153 
40.7856 0.1142 
41.0200 0.1131 
41.2544 0.1120 
41.4888 0.1109 
41.7232 0.1098 
41.9576 0.1087 
42.1920 0.1077 
42.4264 0.1066 
42.6608 0.1055 
42.8952 0.1045 
43.1296 0.1034 
43.3640 0.1024 
43.5984 0.1014 
43.8328 0.1004 
44.0672 0.0994 
44.3016 0.0984 
44.5360 0.0974 
44.7704 0.0964 
45.0048 0.0954 
45.2392 0.0945 
45.4736 0.0935 
45.7080 0.0926 
45.9424 0.0916 
46.1768 0.0907 
46.4112 0.0898 
46.6456 0.0889 
46.8800 0.0879 
47.1144 0.0870 
47.3488 0.0861 
47.5832 0.0853 
47.8176 0.0844 
48.0520 0.0835 
48.2864 0.0826 
48.5208 0.0818 
48.7552 0.0809 
48.9896 0.0801 
49.2240 0.0792 
49.4584 0.0784 
49.6928 0.0776 
49.9272 0.0768 
50.1616 0.0760 
50.3960 0.0752 
50.6304 0.0744 
50.8648 0.0736 
51.0992 0.0728 
51.3336 0.0720 
51.5680 0.0713 
51.8024 0.0705 
52.0368 0.0697 
52.2712 0.0690 
52.5056 0.0683 
52.7400 0.0675 
52.9744 0.0668 
53.2088 0.0661 
53.4432 0.0653 
53.6776 0.0646 
53.9120 0.0639 
54.1464 0.0632 
54.3808 0.0625 
54.6152 0.0619 
54.8496 0.0612 
55.0840 0.0605 
55.3184 0.0598 
55.5528 0.0592 
55.7872 0.0585 
56.0216 0.0579 
56.2560 0.0572 
56.4904 0.0566 
56.7248 0.0559 
56.9592 0.0553 
57.1936 0.0547 
57.4280 0.0541 
57.6624 0.0535 
57.8968 0.0528 
58.1312 0.0522 
58.3656 0.0517 
58.6000 0.0511 
58.8344 0.0505 
59.0688 0.0499 
59.3032 0.0493 
59.5376 0.0488 
59.7720 0.0482 
60.0064 0.0476 
60.2408 0.0471 
60.4752 0.0465 
60.7096 0.0460 
60.9440 0.0454 
61.1784 0.0449 
61.4128 0.0444 
61.6472 0.0439 
61.8816 0.0433 
62.1160 0.0428 
62.3504 0.0423 
62.5848 0.0418 
62.8192 0.0413 
63.0536 0.0408 
63.2880 0.0403 
63.5224 0.0398 
63.7568 0.0394 
63.9912 0.0389 
64.2256 0.0384 
64.4600 0.0379 
64.6944 0.0375 
64.9288 0.0370 
65.1632 0.0366 
65.3976 0.0361 
65.6320 0.0357 
65.8664 0.0352 
66.1008 0.0348 
66.3352 0.0344 
66.5696 0.0339 
66.8040 0.0335 
67.0384 0.0331 
67.2728 0.0327 
67.5072 0.0323 
67.7416 0.0319 
67.9760 0.0315 
68.2104 0.0311 
68.4448 0.0307 
68.6792 0.0303 
68.9136 0.0299 
69.1480 0.0295 
69.3824 0.0291 
69.6168 0.0287 
69.8512 0.0284 
70.0856 0.0280 
70.3200 0.0276 
70.5544 0.0273 
70.7888 0.0269 
71.0232 0.0266 
71.2576 0.0262 
71.4920 0.0259 
71.7264 0.0255 
71.9608 0.0252 
72.1952 0.0249 
72.4296 0.0245 
72.6640 0.0242 
72.8984 0.0239 
73.1328 0.0236 
73.3672 0.0233 
73.6016 0.0230 
73.8360 0.0226 
74.0704 0.0223 
74.3048 0.0220 
74.5392 0.0217 
74.7736 0.0214 
75.0080 0.0212 
75.2424 0.0209 
75.4768 0.0206 
75.7112 0.0203 
75.9456 0.0200 
76.1800 0.0198 
76.4144 0.0195 
76.6488 0.0192 
76.8832 0.0190 
77.1176 0.0187 
77.3520 0.0184 
77.5864 0.0182 
77.8208 0.0179 
78.0552 0.0177 
78.2896 0.0174 
78.5240 0.0172 
78.7584 0.0169 
78.9928 0.0167 
79.2272 0.0165 
79.4616 0.0163 
79.6960 0.0160 
79.9304 0.0158 
80.1648 0.0156 
80.3992 0.0154 
80.6336 0.0151 
80.8680 0.0149 
81.1024 0.0147 
81.3368 0.0145 
81.5712 0.0143 
81.8056 0.0141 
82.0400 0.0139 
82.2744 0.0137 
82.5088 0.0135 
82.7432 0.0133 
82.9776 0.0131 
83.2120 0.0130 
83.4464 0.0128 
83.6808 0.0126 
83.9152 0.0124 
84.1496 0.0123 
84.3840 0.0121 
84.6184 0.0119 
84.8528 0.0117 
85.0872 0.0116 
85.3216 0.0114 
85.5560 0.0113 
85.7904 0.0111 
86.0248 0.0110 
86.2592 0.0108 
86.4936 0.0107 
86.7280 0.0105 
86.9624 0.0104 
87.1968 0.0102 
87.4312 0.0101 
87.6656 0.0099 
87.9000 0.0098 
88.1344 0.0097 
88.3688 0.0096 
88.6032 0.0094 
88.8376 0.0093 
89.0720 0.0092 
89.3064 0.0091 
89.5408 0.0089 
89.7752 0.0088 
90.0096 0.0087 
90.2440 0.0086 
90.4784 0.0085 
90.7128 0.0084 
90.9472 0.0083 
91.1816 0.0082 
91.4160 0.0081 
91.6504 0.0080 
91.8848 0.0079 
92.1192 0.0078 
92.3536 0.0077 
92.5880 0.0076 
92.8224 0.0075 
93.0568 0.0074 
93.2912 0.0073 
93.5256 0.0072 
93.7600 0.0071 
93.9944 0.0070 
94.2288 0.0070 
94.4632 0.0069 
94.6976 0.0068 
94.9320 0.0067 
95.1664 0.0066 
95.4008 0.0065 
95.6352 0.0064 
95.8696 0.0064 
96.1040 0.0063 
96.3384 0.0062 
96.5728 0.0061 
96.8072 0.0060 
97.0416 0.0060 
97.2760 0.0059 
97.5104 0.0058 
97.7448 0.0057 
97.9792 0.0056 
98.2136 0.0056 
98.4480 0.0055 
98.6824 0.0054 
98.9168 0.0053 
99.1512 0.0053 
99.3856 0.0052 
99.6200 0.0051 
99.8544 0.0050 
100.0888 0.0050 
100.3232 0.0049 
100.5576 0.0048 
100.7920 0.0047 
101.0264 0.0047 
101.2608 0.0046 
101.4952 0.0045 
101.7296 0.0045 
101.9640 0.0044 
102.1984 0.0043 
102.4328 0.0042 
102.6672 0.0042 
102.9016 0.0041 
103.1360 0.0040 
103.3704 0.0040 
103.6048 0.0039 
103.8392 0.0038 
104.0736 0.0037 
104.3080 0.0037 
104.5424 0.0036 
104.7768 0.0035 
105.0112 0.0035 
105.2456 0.0034 
105.4800 0.0033 
105.7144 0.0033 
105.9488 0.0032 
106.1832 0.0031 
106.4176 0.0031 
106.6520 0.0030 
106.8864 0.0029 
107.1208 0.0029 
107.3552 0.0028 
107.5896 0.0027 
107.8240 0.0027 
108.0584 0.0026 
108.2928 0.0025 
108.5272 0.0025 
108.7616 0.0024 
108.9960 0.0023 
109.2304 0.0023 
109.4648 0.0022 
109.6992 0.0021 
109.9336 0.0021 
110.1680 0.0020 
110.4024 0.0019 
110.6368 0.0019 
110.8712 0.0018 
111.1056 0.0017 
111.3400 0.0017 
111.5744 0.0016 
111.8088 0.0015 
112.0432 0.0015 
112.2776 0.0014 
112.5120 0.0013 
112.7464 0.0013 
112.9808 0.0012 
113.2152 0.0012 
113.4496 0.0011 
113.6840 0.0010 
113.9184 0.0010 
114.1528 0.0009 
114.3872 0.0008 
114.6216 0.0008 
114.8560 0.0007 
115.0904 0.0006 
115.3248 0.0006 
115.5592 0.0005 
115.7936 0.0004 
116.0280 0.0004 
116.2624 0.0003 
116.4968 0.0003 
116.7312 0.0002 
116.9656 0.0001 
117.2000 0.0001 
117.4344 0.0000 
