0.2056 0.3296 
0.4112 0.3296 
0.6168 0.3296 
0.8224 0.3295 
1.0280 0.3294 
1.2336 0.3292 
1.4392 0.3290 
1.6448 0.3288 
1.8504 0.3286 
2.0560 0.3283 
2.2616 0.3280 
2.4672 0.3277 
2.6728 0.3273 
2.8784 0.3269 
3.0840 0.3264 
3.2896 0.3259 
3.4952 0.3254 
3.7008 0.3249 
3.9064 0.3243 
4.1120 0.3237 
4.3176 0.3231 
4.5232 0.3224 
4.7288 0.3217 
4.9344 0.3209 
5.1400 0.3202 
5.3456 0.3194 
5.5512 0.3185 
5.7568 0.3177 
5.9624 0.3168 
6.1680 0.3158 
6.3736 0.3148 
6.5792 0.3138 
6.7848 0.3128 
6.9904 0.3117 
7.1960 0.3106 
7.4016 0.3095 
7.6072 0.3083 
7.8128 0.3071 
8.0184 0.3059 
8.2240 0.3046 
8.4296 0.3033 
8.6352 0.3020 
8.8408 0.3006 
9.0464 0.2992 
9.2520 0.2978 
9.4576 0.2963 
9.6632 0.2948 
9.8688 0.2933 
10.0744 0.2917 
10.2800 0.2901 
10.4856 0.2885 
10.6912 0.2868 
10.8968 0.2851 
11.1024 0.2834 
11.3080 0.2816 
11.5136 0.2798 
11.7192 0.2780 
11.9248 0.2761 
12.1304 0.2742 
12.3360 0.2723 
12.5416 0.2704 
12.7472 0.2685 
12.9528 0.2665 
13.1584 0.2646 
13.3640 0.2626 
13.5696 0.2607 
13.7752 0.2588 
13.9808 0.2569 
14.1864 0.2550 
14.3920 0.2531 
14.5976 0.2512 
14.8032 0.2493 
15.0088 0.2475 
15.2144 0.2456 
15.4200 0.2438 
15.6256 0.2420 
15.8312 0.2402 
16.0368 0.2384 
16.2424 0.2366 
16.4480 0.2348 
16.6536 0.2330 
16.8592 0.2313 
17.0648 0.2295 
17.2704 0.2278 
17.4760 0.2260 
17.6816 0.2243 
17.8872 0.2226 
18.0928 0.2209 
18.2984 0.2192 
18.5040 0.2176 
18.7096 0.2159 
18.9152 0.2142 
19.1208 0.2126 
19.3264 0.2110 
19.5320 0.2093 
19.7376 0.2077 
19.9432 0.2061 
20.1488 0.2045 
20.3544 0.2030 
20.5600 0.2014 
20.7656 0.1998 
20.9712 0.1983 
21.1768 0.1967 
21.3824 0.1952 
21.5880 0.1937 
21.7936 0.1921 
21.9992 0.1906 
22.2048 0.1892 
22.4104 0.1877 
22.6160 0.1862 
22.8216 0.1847 
23.0272 0.1833 
23.2328 0.1818 
23.4384 0.1804 
23.6440 0.1790 
23.8496 0.1775 
24.0552 0.1761 
24.2608 0.1747 
24.4664 0.1733 
24.6720 0.1719 
24.8776 0.1706 
25.0832 0.1692 
25.2888 0.1679 
25.4944 0.1665 
25.7000 0.1652 
25.9056 0.1638 
26.1112 0.1625 
26.3168 0.1612 
26.5224 0.1599 
26.7280 0.1586 
26.9336 0.1573 
27.1392 0.1561 
27.3448 0.1548 
27.5504 0.1535 
27.7560 0.1523 
27.9616 0.1510 
28.1672 0.1498 
28.3728 0.1486 
28.5784 0.1473 
28.7840 0.1461 
28.9896 0.1449 
29.1952 0.1437 
29.4008 0.1426 
29.6064 0.1414 
29.8120 0.1402 
30.0176 0.1390 
30.2232 0.1379 
30.4288 0.1367 
30.6344 0.1356 
30.8400 0.1345 
31.0456 0.1334 
31.2512 0.1322 
31.4568 0.1311 
31.6624 0.1300 
31.8680 0.1289 
32.0736 0.1279 
32.2792 0.1268 
32.4848 0.1257 
32.6904 0.1247 
32.8960 0.1236 
33.1016 0.1226 
33.3072 0.1215 
33.5128 0.1205 
33.7184 0.1195 
33.9240 0.1184 
34.1296 0.1174 
34.3352 0.1164 
34.5408 0.1154 
34.7464 0.1144 
34.9520 0.1134 
35.1576 0.1125 
35.3632 0.1115 
35.5688 0.1105 
35.7744 0.1096 
35.9800 0.1086 
36.1856 0.1077 
36.3912 0.1068 
36.5968 0.1058 
36.8024 0.1049 
37.0080 0.1040 
37.2136 0.1031 
37.4192 0.1022 
37.6248 0.1013 
37.8304 0.1004 
38.0360 0.0995 
38.2416 0.0986 
38.4472 0.0978 
38.6528 0.0969 
38.8584 0.0960 
39.0640 0.0952 
39.2696 0.0943 
39.4752 0.0935 
39.6808 0.0927 
39.8864 0.0918 
40.0920 0.0910 
40.2976 0.0902 
40.5032 0.0894 
40.7088 0.0886 
40.9144 0.0878 
41.1200 0.0870 
41.3256 0.0862 
41.5312 0.0854 
41.7368 0.0847 
41.9424 0.0839 
42.1480 0.0831 
42.3536 0.0824 
42.5592 0.0816 
42.7648 0.0809 
42.9704 0.0801 
43.1760 0.0794 
43.3816 0.0787 
43.5872 0.0779 
43.7928 0.0772 
43.9984 0.0765 
44.2040 0.0758 
44.4096 0.0751 
44.6152 0.0744 
44.8208 0.0737 
45.0264 0.0730 
45.2320 0.0723 
45.4376 0.0716 
45.6432 0.0710 
45.8488 0.0703 
46.0544 0.0696 
46.2600 0.0690 
46.4656 0.0683 
46.6712 0.0677 
46.8768 0.0670 
47.0824 0.0664 
47.2880 0.0658 
47.4936 0.0651 
47.6992 0.0645 
47.9048 0.0639 
48.1104 0.0633 
48.3160 0.0627 
48.5216 0.0620 
48.7272 0.0614 
48.9328 0.0609 
49.1384 0.0603 
49.3440 0.0597 
49.5496 0.0591 
49.7552 0.0585 
49.9608 0.0579 
50.1664 0.0574 
50.3720 0.0568 
50.5776 0.0562 
50.7832 0.0557 
50.9888 0.0551 
51.1944 0.0546 
51.4000 0.0540 
51.6056 0.0535 
51.8112 0.0530 
52.0168 0.0524 
52.2224 0.0519 
52.4280 0.0514 
52.6336 0.0509 
52.8392 0.0504 
53.0448 0.0498 
53.2504 0.0493 
53.4560 0.0488 
53.6616 0.0483 
53.8672 0.0478 
54.0728 0.0474 
54.2784 0.0469 
54.4840 0.0464 
54.6896 0.0459 
54.8952 0.0454 
55.1008 0.0450 
55.3064 0.0445 
55.5120 0.0440 
55.7176 0.0436 
55.9232 0.0431 
56.1288 0.0427 
56.3344 0.0422 
56.5400 0.0418 
56.7456 0.0413 
56.9512 0.0409 
57.1568 0.0404 
57.3624 0.0400 
57.5680 0.0396 
57.7736 0.0392 
57.9792 0.0387 
58.1848 0.0383 
58.3904 0.0379 
58.5960 0.0375 
58.8016 0.0371 
59.0072 0.0367 
59.2128 0.0363 
59.4184 0.0359 
59.6240 0.0355 
59.8296 0.0351 
60.0352 0.0347 
60.2408 0.0344 
60.4464 0.0340 
60.6520 0.0336 
60.8576 0.0332 
61.0632 0.0329 
61.2688 0.0325 
61.4744 0.0321 
61.6800 0.0318 
61.8856 0.0314 
62.0912 0.0311 
62.2968 0.0307 
62.5024 0.0304 
62.7080 0.0300 
62.9136 0.0297 
63.1192 0.0293 
63.3248 0.0290 
63.5304 0.0287 
63.7360 0.0283 
63.9416 0.0280 
64.1472 0.0277 
64.3528 0.0274 
64.5584 0.0271 
64.7640 0.0267 
64.9696 0.0264 
65.1752 0.0261 
65.3808 0.0258 
65.5864 0.0255 
65.7920 0.0252 
65.9976 0.0249 
66.2032 0.0246 
66.4088 0.0243 
66.6144 0.0240 
66.8200 0.0238 
67.0256 0.0235 
67.2312 0.0232 
67.4368 0.0229 
67.6424 0.0226 
67.8480 0.0224 
68.0536 0.0221 
68.2592 0.0218 
68.4648 0.0216 
68.6704 0.0213 
68.8760 0.0210 
69.0816 0.0208 
69.2872 0.0205 
69.4928 0.0203 
69.6984 0.0200 
69.9040 0.0198 
70.1096 0.0195 
70.3152 0.0193 
70.5208 0.0191 
70.7264 0.0188 
70.9320 0.0186 
71.1376 0.0184 
71.3432 0.0181 
71.5488 0.0179 
71.7544 0.0177 
71.9600 0.0175 
72.1656 0.0172 
72.3712 0.0170 
72.5768 0.0168 
72.7824 0.0166 
72.9880 0.0164 
73.1936 0.0162 
73.3992 0.0160 
73.6048 0.0158 
73.8104 0.0156 
74.0160 0.0154 
74.2216 0.0152 
74.4272 0.0150 
74.6328 0.0148 
74.8384 0.0146 
75.0440 0.0144 
75.2496 0.0142 
75.4552 0.0140 
75.6608 0.0139 
75.8664 0.0137 
76.0720 0.0135 
76.2776 0.0133 
76.4832 0.0132 
76.6888 0.0130 
76.8944 0.0128 
77.1000 0.0127 
77.3056 0.0125 
77.5112 0.0123 
77.7168 0.0122 
77.9224 0.0120 
78.1280 0.0119 
78.3336 0.0117 
78.5392 0.0116 
78.7448 0.0114 
78.9504 0.0113 
79.1560 0.0111 
79.3616 0.0110 
79.5672 0.0108 
79.7728 0.0107 
79.9784 0.0105 
80.1840 0.0104 
80.3896 0.0103 
80.5952 0.0101 
80.8008 0.0100 
81.0064 0.0099 
81.2120 0.0097 
81.4176 0.0096 
81.6232 0.0095 
81.8288 0.0094 
82.0344 0.0093 
82.2400 0.0091 
82.4456 0.0090 
82.6512 0.0089 
82.8568 0.0088 
83.0624 0.0087 
83.2680 0.0086 
83.4736 0.0084 
83.6792 0.0083 
83.8848 0.0082 
84.0904 0.0081 
84.2960 0.0080 
84.5016 0.0079 
84.7072 0.0078 
84.9128 0.0077 
85.1184 0.0076 
85.3240 0.0075 
85.5296 0.0074 
85.7352 0.0073 
85.9408 0.0072 
86.1464 0.0071 
86.3520 0.0070 
86.5576 0.0069 
86.7632 0.0068 
86.9688 0.0067 
87.1744 0.0066 
87.3800 0.0065 
87.5856 0.0064 
87.7912 0.0063 
87.9968 0.0062 
88.2024 0.0061 
88.4080 0.0061 
88.6136 0.0060 
88.8192 0.0059 
89.0248 0.0058 
89.2304 0.0057 
89.4360 0.0056 
89.6416 0.0055 
89.8472 0.0054 
90.0528 0.0053 
90.2584 0.0052 
90.4640 0.0051 
90.6696 0.0051 
90.8752 0.0050 
91.0808 0.0049 
91.2864 0.0048 
91.4920 0.0047 
91.6976 0.0046 
91.9032 0.0045 
92.1088 0.0044 
92.3144 0.0044 
92.5200 0.0043 
92.7256 0.0042 
92.9312 0.0041 
93.1368 0.0040 
93.3424 0.0039 
93.5480 0.0038 
93.7536 0.0037 
93.9592 0.0037 
94.1648 0.0036 
94.3704 0.0035 
94.5760 0.0034 
94.7816 0.0033 
94.9872 0.0032 
95.1928 0.0032 
95.3984 0.0031 
95.6040 0.0030 
95.8096 0.0029 
96.0152 0.0028 
96.2208 0.0027 
96.4264 0.0026 
96.6320 0.0026 
96.8376 0.0025 
97.0432 0.0024 
97.2488 0.0023 
97.4544 0.0022 
97.6600 0.0021 
97.8656 0.0021 
98.0712 0.0020 
98.2768 0.0019 
98.4824 0.0018 
98.6880 0.0017 
98.8936 0.0016 
99.0992 0.0016 
99.3048 0.0015 
99.5104 0.0014 
99.7160 0.0013 
99.9216 0.0012 
100.1272 0.0012 
100.3328 0.0011 
100.5384 0.0010 
100.7440 0.0009 
100.9496 0.0008 
101.1552 0.0007 
101.3608 0.0007 
101.5664 0.0006 
101.7720 0.0005 
101.9776 0.0004 
102.1832 0.0003 
102.3888 0.0002 
102.5944 0.0002 
102.8000 0.0001 
103.0056 0.0000 
