0.2200 0.3590 
0.4400 0.3590 
0.6600 0.3589 
0.8800 0.3588 
1.1000 0.3587 
1.3200 0.3585 
1.5400 0.3583 
1.7600 0.3581 
1.9800 0.3578 
2.2000 0.3575 
2.4200 0.3571 
2.6400 0.3567 
2.8600 0.3563 
3.0800 0.3558 
3.3000 0.3553 
3.5200 0.3548 
3.7400 0.3542 
3.9600 0.3536 
4.1800 0.3529 
4.4000 0.3522 
4.6200 0.3515 
4.8400 0.3507 
5.0600 0.3499 
5.2800 0.3491 
5.5000 0.3482 
5.7200 0.3473 
5.9400 0.3464 
6.1600 0.3454 
6.3800 0.3443 
6.6000 0.3433 
6.8200 0.3422 
7.0400 0.3410 
7.2600 0.3399 
7.4800 0.3386 
7.7000 0.3374 
7.9200 0.3361 
8.1400 0.3348 
8.3600 0.3334 
8.5800 0.3320 
8.8000 0.3306 
9.0200 0.3291 
9.2400 0.3276 
9.4600 0.3260 
9.6800 0.3244 
9.9000 0.3228 
10.1200 0.3211 
10.3400 0.3194 
10.5600 0.3177 
10.7800 0.3159 
11.0000 0.3141 
11.2200 0.3122 
11.4400 0.3104 
11.6600 0.3084 
11.8800 0.3065 
12.1000 0.3045 
12.3200 0.3024 
12.5400 0.3003 
12.7600 0.2982 
12.9800 0.2961 
13.2000 0.2939 
13.4200 0.2917 
13.6400 0.2895 
13.8600 0.2873 
14.0800 0.2851 
14.3000 0.2829 
14.5200 0.2807 
14.7400 0.2785 
14.9600 0.2764 
15.1800 0.2742 
15.4000 0.2721 
15.6200 0.2699 
15.8400 0.2678 
16.0600 0.2657 
16.2800 0.2636 
16.5000 0.2615 
16.7200 0.2595 
16.9400 0.2574 
17.1600 0.2554 
17.3800 0.2534 
17.6000 0.2514 
17.8200 0.2494 
18.0400 0.2474 
18.2600 0.2454 
18.4800 0.2434 
18.7000 0.2415 
18.9200 0.2396 
19.1400 0.2376 
19.3600 0.2357 
19.5800 0.2338 
19.8000 0.2319 
20.0200 0.2301 
20.2400 0.2282 
20.4600 0.2263 
20.6800 0.2245 
20.9000 0.2227 
21.1200 0.2209 
21.3400 0.2191 
21.5600 0.2173 
21.7800 0.2155 
22.0000 0.2137 
22.2200 0.2120 
22.4400 0.2102 
22.6600 0.2085 
22.8800 0.2068 
23.1000 0.2051 
23.3200 0.2034 
23.5400 0.2017 
23.7600 0.2000 
23.9800 0.1984 
24.2000 0.1967 
24.4200 0.1951 
24.6400 0.1934 
24.8600 0.1918 
25.0800 0.1902 
25.3000 0.1886 
25.5200 0.1870 
25.7400 0.1855 
25.9600 0.1839 
26.1800 0.1824 
26.4000 0.1808 
26.6200 0.1793 
26.8400 0.1778 
27.0600 0.1763 
27.2800 0.1748 
27.5000 0.1733 
27.7200 0.1718 
27.9400 0.1703 
28.1600 0.1689 
28.3800 0.1674 
28.6000 0.1660 
28.8200 0.1645 
29.0400 0.1631 
29.2600 0.1617 
29.4800 0.1603 
29.7000 0.1589 
29.9200 0.1576 
30.1400 0.1562 
30.3600 0.1548 
30.5800 0.1535 
30.8000 0.1522 
31.0200 0.1508 
31.2400 0.1495 
31.4600 0.1482 
31.6800 0.1469 
31.9000 0.1456 
32.1200 0.1443 
32.3400 0.1431 
32.5600 0.1418 
32.7800 0.1405 
33.0000 0.1393 
33.2200 0.1381 
33.4400 0.1368 
33.6600 0.1356 
33.8800 0.1344 
34.1000 0.1332 
34.3200 0.1320 
34.5400 0.1308 
34.7600 0.1297 
34.9800 0.1285 
35.2000 0.1273 
35.4200 0.1262 
35.6400 0.1251 
35.8600 0.1239 
36.0800 0.1228 
36.3000 0.1217 
36.5200 0.1206 
36.7400 0.1195 
36.9600 0.1184 
37.1800 0.1173 
37.4000 0.1162 
37.6200 0.1152 
37.8400 0.1141 
38.0600 0.1131 
38.2800 0.1120 
38.5000 0.1110 
38.7200 0.1100 
38.9400 0.1090 
39.1600 0.1080 
39.3800 0.1069 
39.6000 0.1060 
39.8200 0.1050 
40.0400 0.1040 
40.2600 0.1030 
40.4800 0.1021 
40.7000 0.1011 
40.9200 0.1001 
41.1400 0.0992 
41.3600 0.0983 
41.5800 0.0973 
41.8000 0.0964 
42.0200 0.0955 
42.2400 0.0946 
42.4600 0.0937 
42.6800 0.0928 
42.9000 0.0919 
43.1200 0.0910 
43.3400 0.0902 
43.5600 0.0893 
43.7800 0.0884 
44.0000 0.0876 
44.2200 0.0868 
44.4400 0.0859 
44.6600 0.0851 
44.8800 0.0843 
45.1000 0.0834 
45.3200 0.0826 
45.5400 0.0818 
45.7600 0.0810 
45.9800 0.0802 
46.2000 0.0794 
46.4200 0.0787 
46.6400 0.0779 
46.8600 0.0771 
47.0800 0.0763 
47.3000 0.0756 
47.5200 0.0748 
47.7400 0.0741 
47.9600 0.0734 
48.1800 0.0726 
48.4000 0.0719 
48.6200 0.0712 
48.8400 0.0705 
49.0600 0.0698 
49.2800 0.0690 
49.5000 0.0683 
49.7200 0.0677 
49.9400 0.0670 
50.1600 0.0663 
50.3800 0.0656 
50.6000 0.0649 
50.8200 0.0643 
51.0400 0.0636 
51.2600 0.0630 
51.4800 0.0623 
51.7000 0.0617 
51.9200 0.0610 
52.1400 0.0604 
52.3600 0.0598 
52.5800 0.0591 
52.8000 0.0585 
53.0200 0.0579 
53.2400 0.0573 
53.4600 0.0567 
53.6800 0.0561 
53.9000 0.0555 
54.1200 0.0549 
54.3400 0.0543 
54.5600 0.0538 
54.7800 0.0532 
55.0000 0.0526 
55.2200 0.0521 
55.4400 0.0515 
55.6600 0.0510 
55.8800 0.0504 
56.1000 0.0499 
56.3200 0.0493 
56.5400 0.0488 
56.7600 0.0483 
56.9800 0.0477 
57.2000 0.0472 
57.4200 0.0467 
57.6400 0.0462 
57.8600 0.0457 
58.0800 0.0452 
58.3000 0.0447 
58.5200 0.0442 
58.7400 0.0437 
58.9600 0.0432 
59.1800 0.0427 
59.4000 0.0422 
59.6200 0.0418 
59.8400 0.0413 
60.0600 0.0408 
60.2800 0.0404 
60.5000 0.0399 
60.7200 0.0394 
60.9400 0.0390 
61.1600 0.0385 
61.3800 0.0381 
61.6000 0.0377 
61.8200 0.0372 
62.0400 0.0368 
62.2600 0.0364 
62.4800 0.0360 
62.7000 0.0355 
62.9200 0.0351 
63.1400 0.0347 
63.3600 0.0343 
63.5800 0.0339 
63.8000 0.0335 
64.0200 0.0331 
64.2400 0.0327 
64.4600 0.0323 
64.6800 0.0319 
64.9000 0.0316 
65.1200 0.0312 
65.3400 0.0308 
65.5600 0.0304 
65.7800 0.0301 
66.0000 0.0297 
66.2200 0.0294 
66.4400 0.0290 
66.6600 0.0286 
66.8800 0.0283 
67.1000 0.0280 
67.3200 0.0276 
67.5400 0.0273 
67.7600 0.0269 
67.9800 0.0266 
68.2000 0.0263 
68.4200 0.0260 
68.6400 0.0256 
68.8600 0.0253 
69.0800 0.0250 
69.3000 0.0247 
69.5200 0.0244 
69.7400 0.0241 
69.9600 0.0238 
70.1800 0.0235 
70.4000 0.0232 
70.6200 0.0229 
70.8400 0.0226 
71.0600 0.0223 
71.2800 0.0220 
71.5000 0.0217 
71.7200 0.0215 
71.9400 0.0212 
72.1600 0.0209 
72.3800 0.0206 
72.6000 0.0204 
72.8200 0.0201 
73.0400 0.0198 
73.2600 0.0196 
73.4800 0.0193 
73.7000 0.0191 
73.9200 0.0188 
74.1400 0.0186 
74.3600 0.0183 
74.5800 0.0181 
74.8000 0.0179 
75.0200 0.0176 
75.2400 0.0174 
75.4600 0.0172 
75.6800 0.0169 
75.9000 0.0167 
76.1200 0.0165 
76.3400 0.0163 
76.5600 0.0161 
76.7800 0.0158 
77.0000 0.0156 
77.2200 0.0154 
77.4400 0.0152 
77.6600 0.0150 
77.8800 0.0148 
78.1000 0.0146 
78.3200 0.0144 
78.5400 0.0142 
78.7600 0.0140 
78.9800 0.0138 
79.2000 0.0137 
79.4200 0.0135 
79.6400 0.0133 
79.8600 0.0131 
80.0800 0.0129 
80.3000 0.0128 
80.5200 0.0126 
80.7400 0.0124 
80.9600 0.0123 
81.1800 0.0121 
81.4000 0.0119 
81.6200 0.0118 
81.8400 0.0116 
82.0600 0.0115 
82.2800 0.0113 
82.5000 0.0112 
82.7200 0.0110 
82.9400 0.0109 
83.1600 0.0107 
83.3800 0.0106 
83.6000 0.0104 
83.8200 0.0103 
84.0400 0.0102 
84.2600 0.0100 
84.4800 0.0099 
84.7000 0.0098 
84.9200 0.0096 
85.1400 0.0095 
85.3600 0.0094 
85.5800 0.0093 
85.8000 0.0091 
86.0200 0.0090 
86.2400 0.0089 
86.4600 0.0088 
86.6800 0.0087 
86.9000 0.0086 
87.1200 0.0085 
87.3400 0.0084 
87.5600 0.0083 
87.7800 0.0082 
88.0000 0.0080 
88.2200 0.0079 
88.4400 0.0078 
88.6600 0.0077 
88.8800 0.0076 
89.1000 0.0076 
89.3200 0.0075 
89.5400 0.0074 
89.7600 0.0073 
89.9800 0.0072 
90.2000 0.0071 
90.4200 0.0070 
90.6400 0.0069 
90.8600 0.0068 
91.0800 0.0067 
91.3000 0.0066 
91.5200 0.0065 
91.7400 0.0065 
91.9600 0.0064 
92.1800 0.0063 
92.4000 0.0062 
92.6200 0.0061 
92.8400 0.0060 
93.0600 0.0059 
93.2800 0.0059 
93.5000 0.0058 
93.7200 0.0057 
93.9400 0.0056 
94.1600 0.0055 
94.3800 0.0054 
94.6000 0.0054 
94.8200 0.0053 
95.0400 0.0052 
95.2600 0.0051 
95.4800 0.0050 
95.7000 0.0049 
95.9200 0.0049 
96.1400 0.0048 
96.3600 0.0047 
96.5800 0.0046 
96.8000 0.0045 
97.0200 0.0045 
97.2400 0.0044 
97.4600 0.0043 
97.6800 0.0042 
97.9000 0.0042 
98.1200 0.0041 
98.3400 0.0040 
98.5600 0.0039 
98.7800 0.0038 
99.0000 0.0038 
99.2200 0.0037 
99.4400 0.0036 
99.6600 0.0035 
99.8800 0.0035 
100.1000 0.0034 
100.3200 0.0033 
100.5400 0.0032 
100.7600 0.0032 
100.9800 0.0031 
101.2000 0.0030 
101.4200 0.0029 
101.6400 0.0029 
101.8600 0.0028 
102.0800 0.0027 
102.3000 0.0026 
102.5200 0.0026 
102.7400 0.0025 
102.9600 0.0024 
103.1800 0.0023 
103.4000 0.0023 
103.6200 0.0022 
103.8400 0.0021 
104.0600 0.0020 
104.2800 0.0020 
104.5000 0.0019 
104.7200 0.0018 
104.9400 0.0017 
105.1600 0.0017 
105.3800 0.0016 
105.6000 0.0015 
105.8200 0.0014 
106.0400 0.0014 
106.2600 0.0013 
106.4800 0.0012 
106.7000 0.0012 
106.9200 0.0011 
107.1400 0.0010 
107.3600 0.0009 
107.5800 0.0009 
107.8000 0.0008 
108.0200 0.0007 
108.2400 0.0007 
108.4600 0.0006 
108.6800 0.0005 
108.9000 0.0004 
109.1200 0.0004 
109.3400 0.0003 
109.5600 0.0002 
109.7800 0.0001 
110.0000 0.0001 
110.2200 0.0000 
