0.2272 0.3741 
0.4544 0.3741 
0.6816 0.3740 
0.9088 0.3739 
1.1360 0.3738 
1.3632 0.3736 
1.5904 0.3734 
1.8176 0.3731 
2.0448 0.3728 
2.2720 0.3725 
2.4992 0.3721 
2.7264 0.3717 
2.9536 0.3712 
3.1808 0.3707 
3.4080 0.3702 
3.6352 0.3696 
3.8624 0.3690 
4.0896 0.3683 
4.3168 0.3676 
4.5440 0.3669 
4.7712 0.3661 
4.9984 0.3653 
5.2256 0.3645 
5.4528 0.3636 
5.6800 0.3626 
5.9072 0.3617 
6.1344 0.3607 
6.3616 0.3596 
6.5888 0.3585 
6.8160 0.3574 
7.0432 0.3562 
7.2704 0.3550 
7.4976 0.3538 
7.7248 0.3525 
7.9520 0.3511 
8.1792 0.3498 
8.4064 0.3484 
8.6336 0.3469 
8.8608 0.3454 
9.0880 0.3439 
9.3152 0.3423 
9.5424 0.3407 
9.7696 0.3391 
9.9968 0.3374 
10.2240 0.3356 
10.4512 0.3339 
10.6784 0.3321 
10.9056 0.3302 
11.1328 0.3283 
11.3600 0.3264 
11.5872 0.3244 
11.8144 0.3224 
12.0416 0.3204 
12.2688 0.3183 
12.4960 0.3161 
12.7232 0.3140 
12.9504 0.3118 
13.1776 0.3095 
13.4048 0.3072 
13.6320 0.3049 
13.8592 0.3026 
14.0864 0.3003 
14.3136 0.2979 
14.5408 0.2956 
14.7680 0.2932 
14.9952 0.2909 
15.2224 0.2886 
15.4496 0.2863 
15.6768 0.2840 
15.9040 0.2817 
16.1312 0.2795 
16.3584 0.2772 
16.5856 0.2750 
16.8128 0.2728 
17.0400 0.2706 
17.2672 0.2684 
17.4944 0.2662 
17.7216 0.2640 
17.9488 0.2619 
18.1760 0.2598 
18.4032 0.2577 
18.6304 0.2555 
18.8576 0.2535 
19.0848 0.2514 
19.3120 0.2493 
19.5392 0.2473 
19.7664 0.2452 
19.9936 0.2432 
20.2208 0.2412 
20.4480 0.2392 
20.6752 0.2372 
20.9024 0.2352 
21.1296 0.2333 
21.3568 0.2313 
21.5840 0.2294 
21.8112 0.2275 
22.0384 0.2256 
22.2656 0.2237 
22.4928 0.2218 
22.7200 0.2199 
22.9472 0.2181 
23.1744 0.2163 
23.4016 0.2144 
23.6288 0.2126 
23.8560 0.2108 
24.0832 0.2090 
24.3104 0.2072 
24.5376 0.2055 
24.7648 0.2037 
24.9920 0.2020 
25.2192 0.2002 
25.4464 0.1985 
25.6736 0.1968 
25.9008 0.1951 
26.1280 0.1934 
26.3552 0.1918 
26.5824 0.1901 
26.8096 0.1885 
27.0368 0.1868 
27.2640 0.1852 
27.4912 0.1836 
27.7184 0.1820 
27.9456 0.1804 
28.1728 0.1788 
28.4000 0.1773 
28.6272 0.1757 
28.8544 0.1742 
29.0816 0.1726 
29.3088 0.1711 
29.5360 0.1696 
29.7632 0.1681 
29.9904 0.1666 
30.2176 0.1651 
30.4448 0.1637 
30.6720 0.1622 
30.8992 0.1608 
31.1264 0.1593 
31.3536 0.1579 
31.5808 0.1565 
31.8080 0.1551 
32.0352 0.1537 
32.2624 0.1523 
32.4896 0.1509 
32.7168 0.1496 
32.9440 0.1482 
33.1712 0.1469 
33.3984 0.1456 
33.6256 0.1442 
33.8528 0.1429 
34.0800 0.1416 
34.3072 0.1403 
34.5344 0.1390 
34.7616 0.1378 
34.9888 0.1365 
35.2160 0.1352 
35.4432 0.1340 
35.6704 0.1328 
35.8976 0.1315 
36.1248 0.1303 
36.3520 0.1291 
36.5792 0.1279 
36.8064 0.1267 
37.0336 0.1255 
37.2608 0.1244 
37.4880 0.1232 
37.7152 0.1221 
37.9424 0.1209 
38.1696 0.1198 
38.3968 0.1187 
38.6240 0.1175 
38.8512 0.1164 
39.0784 0.1153 
39.3056 0.1142 
39.5328 0.1132 
39.7600 0.1121 
39.9872 0.1110 
40.2144 0.1100 
40.4416 0.1089 
40.6688 0.1079 
40.8960 0.1068 
41.1232 0.1058 
41.3504 0.1048 
41.5776 0.1038 
41.8048 0.1028 
42.0320 0.1018 
42.2592 0.1008 
42.4864 0.0998 
42.7136 0.0989 
42.9408 0.0979 
43.1680 0.0969 
43.3952 0.0960 
43.6224 0.0950 
43.8496 0.0941 
44.0768 0.0932 
44.3040 0.0923 
44.5312 0.0914 
44.7584 0.0905 
44.9856 0.0896 
45.2128 0.0887 
45.4400 0.0878 
45.6672 0.0869 
45.8944 0.0861 
46.1216 0.0852 
46.3488 0.0843 
46.5760 0.0835 
46.8032 0.0827 
47.0304 0.0818 
47.2576 0.0810 
47.4848 0.0802 
47.7120 0.0794 
47.9392 0.0786 
48.1664 0.0778 
48.3936 0.0770 
48.6208 0.0762 
48.8480 0.0754 
49.0752 0.0746 
49.3024 0.0739 
49.5296 0.0731 
49.7568 0.0724 
49.9840 0.0716 
50.2112 0.0709 
50.4384 0.0701 
50.6656 0.0694 
50.8928 0.0687 
51.1200 0.0680 
51.3472 0.0672 
51.5744 0.0665 
51.8016 0.0658 
52.0288 0.0651 
52.2560 0.0645 
52.4832 0.0638 
52.7104 0.0631 
52.9376 0.0624 
53.1648 0.0618 
53.3920 0.0611 
53.6192 0.0604 
53.8464 0.0598 
54.0736 0.0592 
54.3008 0.0585 
54.5280 0.0579 
54.7552 0.0573 
54.9824 0.0566 
55.2096 0.0560 
55.4368 0.0554 
55.6640 0.0548 
55.8912 0.0542 
56.1184 0.0536 
56.3456 0.0530 
56.5728 0.0524 
56.8000 0.0519 
57.0272 0.0513 
57.2544 0.0507 
57.4816 0.0502 
57.7088 0.0496 
57.9360 0.0490 
58.1632 0.0485 
58.3904 0.0479 
58.6176 0.0474 
58.8448 0.0469 
59.0720 0.0463 
59.2992 0.0458 
59.5264 0.0453 
59.7536 0.0448 
59.9808 0.0443 
60.2080 0.0438 
60.4352 0.0432 
60.6624 0.0428 
60.8896 0.0423 
61.1168 0.0418 
61.3440 0.0413 
61.5712 0.0408 
61.7984 0.0403 
62.0256 0.0399 
62.2528 0.0394 
62.4800 0.0389 
62.7072 0.0385 
62.9344 0.0380 
63.1616 0.0376 
63.3888 0.0371 
63.6160 0.0367 
63.8432 0.0362 
64.0704 0.0358 
64.2976 0.0354 
64.5248 0.0349 
64.7520 0.0345 
64.9792 0.0341 
65.2064 0.0337 
65.4336 0.0333 
65.6608 0.0329 
65.8880 0.0325 
66.1152 0.0321 
66.3424 0.0317 
66.5696 0.0313 
66.7968 0.0309 
67.0240 0.0305 
67.2512 0.0302 
67.4784 0.0298 
67.7056 0.0294 
67.9328 0.0290 
68.1600 0.0287 
68.3872 0.0283 
68.6144 0.0280 
68.8416 0.0276 
69.0688 0.0273 
69.2960 0.0269 
69.5232 0.0266 
69.7504 0.0262 
69.9776 0.0259 
70.2048 0.0256 
70.4320 0.0252 
70.6592 0.0249 
70.8864 0.0246 
71.1136 0.0243 
71.3408 0.0240 
71.5680 0.0237 
71.7952 0.0234 
72.0224 0.0230 
72.2496 0.0227 
72.4768 0.0224 
72.7040 0.0222 
72.9312 0.0219 
73.1584 0.0216 
73.3856 0.0213 
73.6128 0.0210 
73.8400 0.0207 
74.0672 0.0205 
74.2944 0.0202 
74.5216 0.0199 
74.7488 0.0197 
74.9760 0.0194 
75.2032 0.0191 
75.4304 0.0189 
75.6576 0.0186 
75.8848 0.0184 
76.1120 0.0181 
76.3392 0.0179 
76.5664 0.0176 
76.7936 0.0174 
77.0208 0.0172 
77.2480 0.0169 
77.4752 0.0167 
77.7024 0.0165 
77.9296 0.0162 
78.1568 0.0160 
78.3840 0.0158 
78.6112 0.0156 
78.8384 0.0154 
79.0656 0.0152 
79.2928 0.0150 
79.5200 0.0148 
79.7472 0.0146 
79.9744 0.0144 
80.2016 0.0142 
80.4288 0.0140 
80.6560 0.0138 
80.8832 0.0136 
81.1104 0.0134 
81.3376 0.0132 
81.5648 0.0130 
81.7920 0.0129 
82.0192 0.0127 
82.2464 0.0125 
82.4736 0.0123 
82.7008 0.0122 
82.9280 0.0120 
83.1552 0.0118 
83.3824 0.0117 
83.6096 0.0115 
83.8368 0.0114 
84.0640 0.0112 
84.2912 0.0110 
84.5184 0.0109 
84.7456 0.0108 
84.9728 0.0106 
85.2000 0.0105 
85.4272 0.0103 
85.6544 0.0102 
85.8816 0.0100 
86.1088 0.0099 
86.3360 0.0098 
86.5632 0.0097 
86.7904 0.0095 
87.0176 0.0094 
87.2448 0.0093 
87.4720 0.0092 
87.6992 0.0090 
87.9264 0.0089 
88.1536 0.0088 
88.3808 0.0087 
88.6080 0.0086 
88.8352 0.0085 
89.0624 0.0084 
89.2896 0.0083 
89.5168 0.0082 
89.7440 0.0081 
89.9712 0.0080 
90.1984 0.0079 
90.4256 0.0078 
90.6528 0.0077 
90.8800 0.0076 
91.1072 0.0075 
91.3344 0.0074 
91.5616 0.0073 
91.7888 0.0072 
92.0160 0.0071 
92.2432 0.0070 
92.4704 0.0069 
92.6976 0.0068 
92.9248 0.0068 
93.1520 0.0067 
93.3792 0.0066 
93.6064 0.0065 
93.8336 0.0064 
94.0608 0.0063 
94.2880 0.0062 
94.5152 0.0062 
94.7424 0.0061 
94.9696 0.0060 
95.1968 0.0059 
95.4240 0.0058 
95.6512 0.0057 
95.8784 0.0057 
96.1056 0.0056 
96.3328 0.0055 
96.5600 0.0054 
96.7872 0.0053 
97.0144 0.0053 
97.2416 0.0052 
97.4688 0.0051 
97.6960 0.0050 
97.9232 0.0050 
98.1504 0.0049 
98.3776 0.0048 
98.6048 0.0047 
98.8320 0.0047 
99.0592 0.0046 
99.2864 0.0045 
99.5136 0.0044 
99.7408 0.0044 
99.9680 0.0043 
100.1952 0.0042 
100.4224 0.0041 
100.6496 0.0041 
100.8768 0.0040 
101.1040 0.0039 
101.3312 0.0038 
101.5584 0.0038 
101.7856 0.0037 
102.0128 0.0036 
102.2400 0.0035 
102.4672 0.0035 
102.6944 0.0034 
102.9216 0.0033 
103.1488 0.0033 
103.3760 0.0032 
103.6032 0.0031 
103.8304 0.0030 
104.0576 0.0030 
104.2848 0.0029 
104.5120 0.0028 
104.7392 0.0028 
104.9664 0.0027 
105.1936 0.0026 
105.4208 0.0025 
105.6480 0.0025 
105.8752 0.0024 
106.1024 0.0023 
106.3296 0.0023 
106.5568 0.0022 
106.7840 0.0021 
107.0112 0.0021 
107.2384 0.0020 
107.4656 0.0019 
107.6928 0.0018 
107.9200 0.0018 
108.1472 0.0017 
108.3744 0.0016 
108.6016 0.0016 
108.8288 0.0015 
109.0560 0.0014 
109.2832 0.0014 
109.5104 0.0013 
109.7376 0.0012 
109.9648 0.0012 
110.1920 0.0011 
110.4192 0.0010 
110.6464 0.0010 
110.8736 0.0009 
111.1008 0.0008 
111.3280 0.0007 
111.5552 0.0007 
111.7824 0.0006 
112.0096 0.0005 
112.2368 0.0005 
112.4640 0.0004 
112.6912 0.0003 
112.9184 0.0003 
113.1456 0.0002 
113.3728 0.0001 
113.6000 0.0001 
113.8272 0.0000 
