0.2560 0.4376 
0.5120 0.4376 
0.7680 0.4375 
1.0240 0.4374 
1.2800 0.4372 
1.5360 0.4370 
1.7920 0.4367 
2.0480 0.4364 
2.3040 0.4360 
2.5600 0.4356 
2.8160 0.4351 
3.0720 0.4346 
3.3280 0.4341 
3.5840 0.4334 
3.8400 0.4328 
4.0960 0.4320 
4.3520 0.4313 
4.6080 0.4304 
4.8640 0.4296 
5.1200 0.4287 
5.3760 0.4277 
5.6320 0.4267 
5.8880 0.4256 
6.1440 0.4245 
6.4000 0.4233 
6.6560 0.4221 
6.9120 0.4208 
7.1680 0.4195 
7.4240 0.4181 
7.6800 0.4167 
7.9360 0.4152 
8.1920 0.4137 
8.4480 0.4121 
8.7040 0.4105 
8.9600 0.4089 
9.2160 0.4071 
9.4720 0.4054 
9.7280 0.4036 
9.9840 0.4017 
10.2400 0.3998 
10.4960 0.3978 
10.7520 0.3958 
11.0080 0.3937 
11.2640 0.3916 
11.5200 0.3894 
11.7760 0.3872 
12.0320 0.3849 
12.2880 0.3826 
12.5440 0.3802 
12.8000 0.3778 
13.0560 0.3753 
13.3120 0.3728 
13.5680 0.3703 
13.8240 0.3676 
14.0800 0.3650 
14.3360 0.3622 
14.5920 0.3595 
14.8480 0.3567 
15.1040 0.3538 
15.3600 0.3509 
15.6160 0.3480 
15.8720 0.3451 
16.1280 0.3421 
16.3840 0.3392 
16.6400 0.3362 
16.8960 0.3333 
17.1520 0.3304 
17.4080 0.3276 
17.6640 0.3247 
17.9200 0.3219 
18.1760 0.3190 
18.4320 0.3162 
18.6880 0.3135 
18.9440 0.3107 
19.2000 0.3080 
19.4560 0.3052 
19.7120 0.3025 
19.9680 0.2998 
20.2240 0.2972 
20.4800 0.2945 
20.7360 0.2919 
20.9920 0.2893 
21.2480 0.2867 
21.5040 0.2841 
21.7600 0.2815 
22.0160 0.2790 
22.2720 0.2765 
22.5280 0.2739 
22.7840 0.2715 
23.0400 0.2690 
23.2960 0.2665 
23.5520 0.2641 
23.8080 0.2617 
24.0640 0.2593 
24.3200 0.2569 
24.5760 0.2545 
24.8320 0.2522 
25.0880 0.2499 
25.3440 0.2475 
25.6000 0.2452 
25.8560 0.2430 
26.1120 0.2407 
26.3680 0.2385 
26.6240 0.2362 
26.8800 0.2340 
27.1360 0.2318 
27.3920 0.2296 
27.6480 0.2275 
27.9040 0.2253 
28.1600 0.2232 
28.4160 0.2211 
28.6720 0.2190 
28.9280 0.2169 
29.1840 0.2149 
29.4400 0.2128 
29.6960 0.2108 
29.9520 0.2088 
30.2080 0.2068 
30.4640 0.2048 
30.7200 0.2028 
30.9760 0.2008 
31.2320 0.1989 
31.4880 0.1970 
31.7440 0.1951 
32.0000 0.1932 
32.2560 0.1913 
32.5120 0.1894 
32.7680 0.1876 
33.0240 0.1858 
33.2800 0.1839 
33.5360 0.1821 
33.7920 0.1803 
34.0480 0.1786 
34.3040 0.1768 
34.5600 0.1751 
34.8160 0.1733 
35.0720 0.1716 
35.3280 0.1699 
35.5840 0.1682 
35.8400 0.1665 
36.0960 0.1649 
36.3520 0.1632 
36.6080 0.1616 
36.8640 0.1600 
37.1200 0.1584 
37.3760 0.1568 
37.6320 0.1552 
37.8880 0.1536 
38.1440 0.1520 
38.4000 0.1505 
38.6560 0.1490 
38.9120 0.1475 
39.1680 0.1460 
39.4240 0.1445 
39.6800 0.1430 
39.9360 0.1415 
40.1920 0.1401 
40.4480 0.1386 
40.7040 0.1372 
40.9600 0.1358 
41.2160 0.1344 
41.4720 0.1330 
41.7280 0.1316 
41.9840 0.1302 
42.2400 0.1289 
42.4960 0.1275 
42.7520 0.1262 
43.0080 0.1249 
43.2640 0.1235 
43.5200 0.1222 
43.7760 0.1210 
44.0320 0.1197 
44.2880 0.1184 
44.5440 0.1172 
44.8000 0.1159 
45.0560 0.1147 
45.3120 0.1134 
45.5680 0.1122 
45.8240 0.1110 
46.0800 0.1098 
46.3360 0.1087 
46.5920 0.1075 
46.8480 0.1063 
47.1040 0.1052 
47.3600 0.1040 
47.6160 0.1029 
47.8720 0.1018 
48.1280 0.1007 
48.3840 0.0996 
48.6400 0.0985 
48.8960 0.0974 
49.1520 0.0963 
49.4080 0.0953 
49.6640 0.0942 
49.9200 0.0932 
50.1760 0.0922 
50.4320 0.0911 
50.6880 0.0901 
50.9440 0.0891 
51.2000 0.0881 
51.4560 0.0871 
51.7120 0.0862 
51.9680 0.0852 
52.2240 0.0842 
52.4800 0.0833 
52.7360 0.0823 
52.9920 0.0814 
53.2480 0.0805 
53.5040 0.0796 
53.7600 0.0787 
54.0160 0.0778 
54.2720 0.0769 
54.5280 0.0760 
54.7840 0.0751 
55.0400 0.0742 
55.2960 0.0734 
55.5520 0.0725 
55.8080 0.0717 
56.0640 0.0709 
56.3200 0.0700 
56.5760 0.0692 
56.8320 0.0684 
57.0880 0.0676 
57.3440 0.0668 
57.6000 0.0660 
57.8560 0.0652 
58.1120 0.0644 
58.3680 0.0637 
58.6240 0.0629 
58.8800 0.0622 
59.1360 0.0614 
59.3920 0.0607 
59.6480 0.0600 
59.9040 0.0592 
60.1600 0.0585 
60.4160 0.0578 
60.6720 0.0571 
60.9280 0.0564 
61.1840 0.0557 
61.4400 0.0550 
61.6960 0.0544 
61.9520 0.0537 
62.2080 0.0530 
62.4640 0.0524 
62.7200 0.0517 
62.9760 0.0511 
63.2320 0.0504 
63.4880 0.0498 
63.7440 0.0492 
64.0000 0.0486 
64.2560 0.0479 
64.5120 0.0473 
64.7680 0.0467 
65.0240 0.0461 
65.2800 0.0456 
65.5360 0.0450 
65.7920 0.0444 
66.0480 0.0438 
66.3040 0.0433 
66.5600 0.0427 
66.8160 0.0421 
67.0720 0.0416 
67.3280 0.0411 
67.5840 0.0405 
67.8400 0.0400 
68.0960 0.0395 
68.3520 0.0389 
68.6080 0.0384 
68.8640 0.0379 
69.1200 0.0374 
69.3760 0.0369 
69.6320 0.0364 
69.8880 0.0359 
70.1440 0.0354 
70.4000 0.0350 
70.6560 0.0345 
70.9120 0.0340 
71.1680 0.0336 
71.4240 0.0331 
71.6800 0.0327 
71.9360 0.0322 
72.1920 0.0318 
72.4480 0.0313 
72.7040 0.0309 
72.9600 0.0305 
73.2160 0.0300 
73.4720 0.0296 
73.7280 0.0292 
73.9840 0.0288 
74.2400 0.0284 
74.4960 0.0280 
74.7520 0.0276 
75.0080 0.0272 
75.2640 0.0268 
75.5200 0.0265 
75.7760 0.0261 
76.0320 0.0257 
76.2880 0.0253 
76.5440 0.0250 
76.8000 0.0246 
77.0560 0.0243 
77.3120 0.0239 
77.5680 0.0236 
77.8240 0.0232 
78.0800 0.0229 
78.3360 0.0226 
78.5920 0.0222 
78.8480 0.0219 
79.1040 0.0216 
79.3600 0.0213 
79.6160 0.0209 
79.8720 0.0206 
80.1280 0.0203 
80.3840 0.0200 
80.6400 0.0197 
80.8960 0.0194 
81.1520 0.0192 
81.4080 0.0189 
81.6640 0.0186 
81.9200 0.0183 
82.1760 0.0180 
82.4320 0.0178 
82.6880 0.0175 
82.9440 0.0172 
83.2000 0.0170 
83.4560 0.0167 
83.7120 0.0165 
83.9680 0.0162 
84.2240 0.0160 
84.4800 0.0157 
84.7360 0.0155 
84.9920 0.0153 
85.2480 0.0150 
85.5040 0.0148 
85.7600 0.0146 
86.0160 0.0144 
86.2720 0.0141 
86.5280 0.0139 
86.7840 0.0137 
87.0400 0.0135 
87.2960 0.0133 
87.5520 0.0131 
87.8080 0.0129 
88.0640 0.0127 
88.3200 0.0125 
88.5760 0.0123 
88.8320 0.0122 
89.0880 0.0120 
89.3440 0.0118 
89.6000 0.0116 
89.8560 0.0114 
90.1120 0.0113 
90.3680 0.0111 
90.6240 0.0109 
90.8800 0.0108 
91.1360 0.0106 
91.3920 0.0105 
91.6480 0.0103 
91.9040 0.0102 
92.1600 0.0100 
92.4160 0.0099 
92.6720 0.0097 
92.9280 0.0096 
93.1840 0.0095 
93.4400 0.0093 
93.6960 0.0092 
93.9520 0.0091 
94.2080 0.0090 
94.4640 0.0088 
94.7200 0.0087 
94.9760 0.0086 
95.2320 0.0085 
95.4880 0.0084 
95.7440 0.0083 
96.0000 0.0082 
96.2560 0.0081 
96.5120 0.0080 
96.7680 0.0079 
97.0240 0.0078 
97.2800 0.0077 
97.5360 0.0076 
97.7920 0.0075 
98.0480 0.0074 
98.3040 0.0073 
98.5600 0.0072 
98.8160 0.0071 
99.0720 0.0070 
99.3280 0.0070 
99.5840 0.0069 
99.8400 0.0068 
100.0960 0.0067 
100.3520 0.0066 
100.6080 0.0065 
100.8640 0.0065 
101.1200 0.0064 
101.3760 0.0063 
101.6320 0.0062 
101.8880 0.0062 
102.1440 0.0061 
102.4000 0.0060 
102.6560 0.0059 
102.9120 0.0059 
103.1680 0.0058 
103.4240 0.0057 
103.6800 0.0057 
103.9360 0.0056 
104.1920 0.0055 
104.4480 0.0054 
104.7040 0.0054 
104.9600 0.0053 
105.2160 0.0052 
105.4720 0.0052 
105.7280 0.0051 
105.9840 0.0050 
106.2400 0.0050 
106.4960 0.0049 
106.7520 0.0048 
107.0080 0.0048 
107.2640 0.0047 
107.5200 0.0046 
107.7760 0.0046 
108.0320 0.0045 
108.2880 0.0044 
108.5440 0.0044 
108.8000 0.0043 
109.0560 0.0042 
109.3120 0.0042 
109.5680 0.0041 
109.8240 0.0041 
110.0800 0.0040 
110.3360 0.0039 
110.5920 0.0039 
110.8480 0.0038 
111.1040 0.0037 
111.3600 0.0037 
111.6160 0.0036 
111.8720 0.0036 
112.1280 0.0035 
112.3840 0.0034 
112.6400 0.0034 
112.8960 0.0033 
113.1520 0.0033 
113.4080 0.0032 
113.6640 0.0031 
113.9200 0.0031 
114.1760 0.0030 
114.4320 0.0030 
114.6880 0.0029 
114.9440 0.0028 
115.2000 0.0028 
115.4560 0.0027 
115.7120 0.0027 
115.9680 0.0026 
116.2240 0.0026 
116.4800 0.0025 
116.7360 0.0024 
116.9920 0.0024 
117.2480 0.0023 
117.5040 0.0023 
117.7600 0.0022 
118.0160 0.0022 
118.2720 0.0021 
118.5280 0.0021 
118.7840 0.0020 
119.0400 0.0019 
119.2960 0.0019 
119.5520 0.0018 
119.8080 0.0018 
120.0640 0.0017 
120.3200 0.0017 
120.5760 0.0016 
120.8320 0.0016 
121.0880 0.0015 
121.3440 0.0014 
121.6000 0.0014 
121.8560 0.0013 
122.1120 0.0013 
122.3680 0.0012 
122.6240 0.0012 
122.8800 0.0011 
123.1360 0.0011 
123.3920 0.0010 
123.6480 0.0010 
123.9040 0.0009 
124.1600 0.0009 
124.4160 0.0008 
124.6720 0.0007 
124.9280 0.0007 
125.1840 0.0006 
125.4400 0.0006 
125.6960 0.0005 
125.9520 0.0005 
126.2080 0.0004 
126.4640 0.0004 
126.7200 0.0003 
126.9760 0.0003 
127.2320 0.0002 
127.4880 0.0002 
127.7440 0.0001 
128.0000 0.0001 
128.2560 0.0000 
