0.1912 0.3013 
0.3824 0.3013 
0.5736 0.3013 
0.7648 0.3012 
0.9560 0.3011 
1.1472 0.3010 
1.3384 0.3008 
1.5296 0.3006 
1.7208 0.3004 
1.9120 0.3002 
2.1032 0.2999 
2.2944 0.2996 
2.4856 0.2993 
2.6768 0.2989 
2.8680 0.2985 
3.0592 0.2981 
3.2504 0.2977 
3.4416 0.2972 
3.6328 0.2967 
3.8240 0.2962 
4.0152 0.2956 
4.2064 0.2950 
4.3976 0.2944 
4.5888 0.2938 
4.7800 0.2931 
4.9712 0.2924 
5.1624 0.2916 
5.3536 0.2909 
5.5448 0.2901 
5.7360 0.2893 
5.9272 0.2884 
6.1184 0.2876 
6.3096 0.2866 
6.5008 0.2857 
6.6920 0.2848 
6.8832 0.2838 
7.0744 0.2827 
7.2656 0.2817 
7.4568 0.2806 
7.6480 0.2795 
7.8392 0.2784 
8.0304 0.2772 
8.2216 0.2760 
8.4128 0.2748 
8.6040 0.2735 
8.7952 0.2723 
8.9864 0.2709 
9.1776 0.2696 
9.3688 0.2682 
9.5600 0.2668 
9.7512 0.2654 
9.9424 0.2640 
10.1336 0.2625 
10.3248 0.2610 
10.5160 0.2594 
10.7072 0.2579 
10.8984 0.2563 
11.0896 0.2546 
11.2808 0.2530 
11.4720 0.2513 
11.6632 0.2496 
11.8544 0.2479 
12.0456 0.2462 
12.2368 0.2445 
12.4280 0.2428 
12.6192 0.2411 
12.8104 0.2395 
13.0016 0.2378 
13.1928 0.2361 
13.3840 0.2345 
13.5752 0.2328 
13.7664 0.2312 
13.9576 0.2296 
14.1488 0.2279 
14.3400 0.2263 
14.5312 0.2247 
14.7224 0.2231 
14.9136 0.2216 
15.1048 0.2200 
15.2960 0.2184 
15.4872 0.2169 
15.6784 0.2153 
15.8696 0.2138 
16.0608 0.2123 
16.2520 0.2108 
16.4432 0.2092 
16.6344 0.2077 
16.8256 0.2063 
17.0168 0.2048 
17.2080 0.2033 
17.3992 0.2018 
17.5904 0.2004 
17.7816 0.1989 
17.9728 0.1975 
18.1640 0.1961 
18.3552 0.1946 
18.5464 0.1932 
18.7376 0.1918 
18.9288 0.1904 
19.1200 0.1890 
19.3112 0.1876 
19.5024 0.1863 
19.6936 0.1849 
19.8848 0.1835 
20.0760 0.1822 
20.2672 0.1809 
20.4584 0.1795 
20.6496 0.1782 
20.8408 0.1769 
21.0320 0.1756 
21.2232 0.1743 
21.4144 0.1730 
21.6056 0.1717 
21.7968 0.1704 
21.9880 0.1691 
22.1792 0.1679 
22.3704 0.1666 
22.5616 0.1654 
22.7528 0.1641 
22.9440 0.1629 
23.1352 0.1617 
23.3264 0.1605 
23.5176 0.1593 
23.7088 0.1581 
23.9000 0.1569 
24.0912 0.1557 
24.2824 0.1545 
24.4736 0.1533 
24.6648 0.1522 
24.8560 0.1510 
25.0472 0.1499 
25.2384 0.1487 
25.4296 0.1476 
25.6208 0.1465 
25.8120 0.1453 
26.0032 0.1442 
26.1944 0.1431 
26.3856 0.1420 
26.5768 0.1409 
26.7680 0.1398 
26.9592 0.1388 
27.1504 0.1377 
27.3416 0.1366 
27.5328 0.1356 
27.7240 0.1345 
27.9152 0.1335 
28.1064 0.1324 
28.2976 0.1314 
28.4888 0.1304 
28.6800 0.1294 
28.8712 0.1283 
29.0624 0.1273 
29.2536 0.1263 
29.4448 0.1253 
29.6360 0.1244 
29.8272 0.1234 
30.0184 0.1224 
30.2096 0.1214 
30.4008 0.1205 
30.5920 0.1195 
30.7832 0.1186 
30.9744 0.1176 
31.1656 0.1167 
31.3568 0.1158 
31.5480 0.1148 
31.7392 0.1139 
31.9304 0.1130 
32.1216 0.1121 
32.3128 0.1112 
32.5040 0.1103 
32.6952 0.1094 
32.8864 0.1085 
33.0776 0.1077 
33.2688 0.1068 
33.4600 0.1059 
33.6512 0.1051 
33.8424 0.1042 
34.0336 0.1034 
34.2248 0.1025 
34.4160 0.1017 
34.6072 0.1008 
34.7984 0.1000 
34.9896 0.0992 
35.1808 0.0984 
35.3720 0.0976 
35.5632 0.0968 
35.7544 0.0960 
35.9456 0.0952 
36.1368 0.0944 
36.3280 0.0936 
36.5192 0.0928 
36.7104 0.0921 
36.9016 0.0913 
37.0928 0.0905 
37.2840 0.0898 
37.4752 0.0890 
37.6664 0.0883 
37.8576 0.0875 
38.0488 0.0868 
38.2400 0.0861 
38.4312 0.0853 
38.6224 0.0846 
38.8136 0.0839 
39.0048 0.0832 
39.1960 0.0825 
39.3872 0.0818 
39.5784 0.0811 
39.7696 0.0804 
39.9608 0.0797 
40.1520 0.0790 
40.3432 0.0783 
40.5344 0.0777 
40.7256 0.0770 
40.9168 0.0763 
41.1080 0.0757 
41.2992 0.0750 
41.4904 0.0743 
41.6816 0.0737 
41.8728 0.0731 
42.0640 0.0724 
42.2552 0.0718 
42.4464 0.0712 
42.6376 0.0705 
42.8288 0.0699 
43.0200 0.0693 
43.2112 0.0687 
43.4024 0.0681 
43.5936 0.0675 
43.7848 0.0669 
43.9760 0.0663 
44.1672 0.0657 
44.3584 0.0651 
44.5496 0.0645 
44.7408 0.0639 
44.9320 0.0634 
45.1232 0.0628 
45.3144 0.0622 
45.5056 0.0617 
45.6968 0.0611 
45.8880 0.0606 
46.0792 0.0600 
46.2704 0.0595 
46.4616 0.0589 
46.6528 0.0584 
46.8440 0.0578 
47.0352 0.0573 
47.2264 0.0568 
47.4176 0.0563 
47.6088 0.0557 
47.8000 0.0552 
47.9912 0.0547 
48.1824 0.0542 
48.3736 0.0537 
48.5648 0.0532 
48.7560 0.0527 
48.9472 0.0522 
49.1384 0.0517 
49.3296 0.0512 
49.5208 0.0507 
49.7120 0.0503 
49.9032 0.0498 
50.0944 0.0493 
50.2856 0.0488 
50.4768 0.0484 
50.6680 0.0479 
50.8592 0.0474 
51.0504 0.0470 
51.2416 0.0465 
51.4328 0.0461 
51.6240 0.0456 
51.8152 0.0452 
52.0064 0.0448 
52.1976 0.0443 
52.3888 0.0439 
52.5800 0.0435 
52.7712 0.0430 
52.9624 0.0426 
53.1536 0.0422 
53.3448 0.0418 
53.5360 0.0414 
53.7272 0.0410 
53.9184 0.0405 
54.1096 0.0401 
54.3008 0.0397 
54.4920 0.0393 
54.6832 0.0389 
54.8744 0.0386 
55.0656 0.0382 
55.2568 0.0378 
55.4480 0.0374 
55.6392 0.0370 
55.8304 0.0366 
56.0216 0.0363 
56.2128 0.0359 
56.4040 0.0355 
56.5952 0.0352 
56.7864 0.0348 
56.9776 0.0344 
57.1688 0.0341 
57.3600 0.0337 
57.5512 0.0334 
57.7424 0.0330 
57.9336 0.0327 
58.1248 0.0323 
58.3160 0.0320 
58.5072 0.0317 
58.6984 0.0313 
58.8896 0.0310 
59.0808 0.0307 
59.2720 0.0303 
59.4632 0.0300 
59.6544 0.0297 
59.8456 0.0294 
60.0368 0.0291 
60.2280 0.0288 
60.4192 0.0284 
60.6104 0.0281 
60.8016 0.0278 
60.9928 0.0275 
61.1840 0.0272 
61.3752 0.0269 
61.5664 0.0266 
61.7576 0.0263 
61.9488 0.0260 
62.1400 0.0258 
62.3312 0.0255 
62.5224 0.0252 
62.7136 0.0249 
62.9048 0.0246 
63.0960 0.0244 
63.2872 0.0241 
63.4784 0.0238 
63.6696 0.0235 
63.8608 0.0233 
64.0520 0.0230 
64.2432 0.0228 
64.4344 0.0225 
64.6256 0.0222 
64.8168 0.0220 
65.0080 0.0217 
65.1992 0.0215 
65.3904 0.0212 
65.5816 0.0210 
65.7728 0.0207 
65.9640 0.0205 
66.1552 0.0203 
66.3464 0.0200 
66.5376 0.0198 
66.7288 0.0196 
66.9200 0.0193 
67.1112 0.0191 
67.3024 0.0189 
67.4936 0.0187 
67.6848 0.0184 
67.8760 0.0182 
68.0672 0.0180 
68.2584 0.0178 
68.4496 0.0176 
68.6408 0.0174 
68.8320 0.0172 
69.0232 0.0169 
69.2144 0.0167 
69.4056 0.0165 
69.5968 0.0163 
69.7880 0.0161 
69.9792 0.0159 
70.1704 0.0157 
70.3616 0.0156 
70.5528 0.0154 
70.7440 0.0152 
70.9352 0.0150 
71.1264 0.0148 
71.3176 0.0146 
71.5088 0.0144 
71.7000 0.0143 
71.8912 0.0141 
72.0824 0.0139 
72.2736 0.0137 
72.4648 0.0136 
72.6560 0.0134 
72.8472 0.0132 
73.0384 0.0131 
73.2296 0.0129 
73.4208 0.0127 
73.6120 0.0126 
73.8032 0.0124 
73.9944 0.0123 
74.1856 0.0121 
74.3768 0.0119 
74.5680 0.0118 
74.7592 0.0116 
74.9504 0.0115 
75.1416 0.0113 
75.3328 0.0112 
75.5240 0.0111 
75.7152 0.0109 
75.9064 0.0108 
76.0976 0.0106 
76.2888 0.0105 
76.4800 0.0104 
76.6712 0.0102 
76.8624 0.0101 
77.0536 0.0100 
77.2448 0.0098 
77.4360 0.0097 
77.6272 0.0096 
77.8184 0.0094 
78.0096 0.0093 
78.2008 0.0092 
78.3920 0.0091 
78.5832 0.0090 
78.7744 0.0088 
78.9656 0.0087 
79.1568 0.0086 
79.3480 0.0085 
79.5392 0.0084 
79.7304 0.0083 
79.9216 0.0081 
80.1128 0.0080 
80.3040 0.0079 
80.4952 0.0078 
80.6864 0.0077 
80.8776 0.0076 
81.0688 0.0075 
81.2600 0.0074 
81.4512 0.0073 
81.6424 0.0072 
81.8336 0.0071 
82.0248 0.0070 
82.2160 0.0068 
82.4072 0.0067 
82.5984 0.0066 
82.7896 0.0065 
82.9808 0.0064 
83.1720 0.0063 
83.3632 0.0062 
83.5544 0.0061 
83.7456 0.0060 
83.9368 0.0059 
84.1280 0.0058 
84.3192 0.0057 
84.5104 0.0056 
84.7016 0.0055 
84.8928 0.0054 
85.0840 0.0053 
85.2752 0.0052 
85.4664 0.0051 
85.6576 0.0050 
85.8488 0.0049 
86.0400 0.0048 
86.2312 0.0047 
86.4224 0.0046 
86.6136 0.0045 
86.8048 0.0044 
86.9960 0.0043 
87.1872 0.0042 
87.3784 0.0041 
87.5696 0.0041 
87.7608 0.0040 
87.9520 0.0039 
88.1432 0.0038 
88.3344 0.0037 
88.5256 0.0036 
88.7168 0.0035 
88.9080 0.0034 
89.0992 0.0033 
89.2904 0.0032 
89.4816 0.0031 
89.6728 0.0030 
89.8640 0.0029 
90.0552 0.0028 
90.2464 0.0027 
90.4376 0.0026 
90.6288 0.0025 
90.8200 0.0024 
91.0112 0.0023 
91.2024 0.0022 
91.3936 0.0021 
91.5848 0.0021 
91.7760 0.0020 
91.9672 0.0019 
92.1584 0.0018 
92.3496 0.0017 
92.5408 0.0016 
92.7320 0.0015 
92.9232 0.0014 
93.1144 0.0013 
93.3056 0.0012 
93.4968 0.0011 
93.6880 0.0010 
93.8792 0.0009 
94.0704 0.0008 
94.2616 0.0007 
94.4528 0.0007 
94.6440 0.0006 
94.8352 0.0005 
95.0264 0.0004 
95.2176 0.0003 
95.4088 0.0002 
95.6000 0.0001 
95.7912 0.0000 
