0.1120 0.1575 
0.2240 0.1575 
0.3360 0.1575 
0.4480 0.1574 
0.5600 0.1574 
0.6720 0.1574 
0.7840 0.1573 
0.8960 0.1572 
1.0080 0.1572 
1.1200 0.1571 
1.2320 0.1570 
1.3440 0.1568 
1.4560 0.1567 
1.5680 0.1566 
1.6800 0.1564 
1.7920 0.1563 
1.9040 0.1561 
2.0160 0.1560 
2.1280 0.1558 
2.2400 0.1556 
2.3520 0.1554 
2.4640 0.1551 
2.5760 0.1549 
2.6880 0.1547 
2.8000 0.1544 
2.9120 0.1542 
3.0240 0.1539 
3.1360 0.1536 
3.2480 0.1533 
3.3600 0.1530 
3.4720 0.1527 
3.5840 0.1524 
3.6960 0.1520 
3.8080 0.1517 
3.9200 0.1513 
4.0320 0.1510 
4.1440 0.1506 
4.2560 0.1502 
4.3680 0.1498 
4.4800 0.1494 
4.5920 0.1490 
4.7040 0.1485 
4.8160 0.1481 
4.9280 0.1476 
5.0400 0.1472 
5.1520 0.1467 
5.2640 0.1462 
5.3760 0.1457 
5.4880 0.1452 
5.6000 0.1447 
5.7120 0.1442 
5.8240 0.1436 
5.9360 0.1431 
6.0480 0.1425 
6.1600 0.1419 
6.2720 0.1414 
6.3840 0.1408 
6.4960 0.1402 
6.6080 0.1396 
6.7200 0.1389 
6.8320 0.1383 
6.9440 0.1377 
7.0560 0.1370 
7.1680 0.1364 
7.2800 0.1358 
7.3920 0.1351 
7.5040 0.1345 
7.6160 0.1339 
7.7280 0.1333 
7.8400 0.1326 
7.9520 0.1320 
8.0640 0.1314 
8.1760 0.1308 
8.2880 0.1302 
8.4000 0.1296 
8.5120 0.1289 
8.6240 0.1283 
8.7360 0.1277 
8.8480 0.1271 
8.9600 0.1265 
9.0720 0.1259 
9.1840 0.1253 
9.2960 0.1247 
9.4080 0.1242 
9.5200 0.1236 
9.6320 0.1230 
9.7440 0.1224 
9.8560 0.1218 
9.9680 0.1212 
10.0800 0.1206 
10.1920 0.1201 
10.3040 0.1195 
10.4160 0.1189 
10.5280 0.1184 
10.6400 0.1178 
10.7520 0.1172 
10.8640 0.1167 
10.9760 0.1161 
11.0880 0.1155 
11.2000 0.1150 
11.3120 0.1144 
11.4240 0.1139 
11.5360 0.1133 
11.6480 0.1128 
11.7600 0.1122 
11.8720 0.1117 
11.9840 0.1111 
12.0960 0.1106 
12.2080 0.1101 
12.3200 0.1095 
12.4320 0.1090 
12.5440 0.1084 
12.6560 0.1079 
12.7680 0.1074 
12.8800 0.1069 
12.9920 0.1063 
13.1040 0.1058 
13.2160 0.1053 
13.3280 0.1048 
13.4400 0.1042 
13.5520 0.1037 
13.6640 0.1032 
13.7760 0.1027 
13.8880 0.1022 
14.0000 0.1017 
14.1120 0.1012 
14.2240 0.1007 
14.3360 0.1002 
14.4480 0.0997 
14.5600 0.0992 
14.6720 0.0987 
14.7840 0.0982 
14.8960 0.0977 
15.0080 0.0972 
15.1200 0.0967 
15.2320 0.0962 
15.3440 0.0957 
15.4560 0.0953 
15.5680 0.0948 
15.6800 0.0943 
15.7920 0.0938 
15.9040 0.0933 
16.0160 0.0929 
16.1280 0.0924 
16.2400 0.0919 
16.3520 0.0915 
16.4640 0.0910 
16.5760 0.0905 
16.6880 0.0901 
16.8000 0.0896 
16.9120 0.0891 
17.0240 0.0887 
17.1360 0.0882 
17.2480 0.0878 
17.3600 0.0873 
17.4720 0.0869 
17.5840 0.0864 
17.6960 0.0860 
17.8080 0.0855 
17.9200 0.0851 
18.0320 0.0846 
18.1440 0.0842 
18.2560 0.0837 
18.3680 0.0833 
18.4800 0.0829 
18.5920 0.0824 
18.7040 0.0820 
18.8160 0.0816 
18.9280 0.0811 
19.0400 0.0807 
19.1520 0.0803 
19.2640 0.0799 
19.3760 0.0794 
19.4880 0.0790 
19.6000 0.0786 
19.7120 0.0782 
19.8240 0.0778 
19.9360 0.0773 
20.0480 0.0769 
20.1600 0.0765 
20.2720 0.0761 
20.3840 0.0757 
20.4960 0.0753 
20.6080 0.0749 
20.7200 0.0745 
20.8320 0.0741 
20.9440 0.0737 
21.0560 0.0733 
21.1680 0.0729 
21.2800 0.0725 
21.3920 0.0721 
21.5040 0.0717 
21.6160 0.0713 
21.7280 0.0709 
21.8400 0.0705 
21.9520 0.0701 
22.0640 0.0697 
22.1760 0.0694 
22.2880 0.0690 
22.4000 0.0686 
22.5120 0.0682 
22.6240 0.0678 
22.7360 0.0674 
22.8480 0.0671 
22.9600 0.0667 
23.0720 0.0663 
23.1840 0.0660 
23.2960 0.0656 
23.4080 0.0652 
23.5200 0.0648 
23.6320 0.0645 
23.7440 0.0641 
23.8560 0.0637 
23.9680 0.0634 
24.0800 0.0630 
24.1920 0.0627 
24.3040 0.0623 
24.4160 0.0620 
24.5280 0.0616 
24.6400 0.0612 
24.7520 0.0609 
24.8640 0.0605 
24.9760 0.0602 
25.0880 0.0598 
25.2000 0.0595 
25.3120 0.0591 
25.4240 0.0588 
25.5360 0.0585 
25.6480 0.0581 
25.7600 0.0578 
25.8720 0.0574 
25.9840 0.0571 
26.0960 0.0568 
26.2080 0.0564 
26.3200 0.0561 
26.4320 0.0558 
26.5440 0.0554 
26.6560 0.0551 
26.7680 0.0548 
26.8800 0.0544 
26.9920 0.0541 
27.1040 0.0538 
27.2160 0.0535 
27.3280 0.0531 
27.4400 0.0528 
27.5520 0.0525 
27.6640 0.0522 
27.7760 0.0519 
27.8880 0.0516 
28.0000 0.0512 
28.1120 0.0509 
28.2240 0.0506 
28.3360 0.0503 
28.4480 0.0500 
28.5600 0.0497 
28.6720 0.0494 
28.7840 0.0491 
28.8960 0.0488 
29.0080 0.0485 
29.1200 0.0482 
29.2320 0.0479 
29.3440 0.0476 
29.4560 0.0473 
29.5680 0.0470 
29.6800 0.0467 
29.7920 0.0464 
29.9040 0.0461 
30.0160 0.0458 
30.1280 0.0455 
30.2400 0.0452 
30.3520 0.0449 
30.4640 0.0446 
30.5760 0.0443 
30.6880 0.0440 
30.8000 0.0437 
30.9120 0.0435 
31.0240 0.0432 
31.1360 0.0429 
31.2480 0.0426 
31.3600 0.0423 
31.4720 0.0421 
31.5840 0.0418 
31.6960 0.0415 
31.8080 0.0412 
31.9200 0.0409 
32.0320 0.0407 
32.1440 0.0404 
32.2560 0.0401 
32.3680 0.0399 
32.4800 0.0396 
32.5920 0.0393 
32.7040 0.0390 
32.8160 0.0388 
32.9280 0.0385 
33.0400 0.0383 
33.1520 0.0380 
33.2640 0.0377 
33.3760 0.0375 
33.4880 0.0372 
33.6000 0.0369 
33.7120 0.0367 
33.8240 0.0364 
33.9360 0.0362 
34.0480 0.0359 
34.1600 0.0357 
34.2720 0.0354 
34.3840 0.0352 
34.4960 0.0349 
34.6080 0.0347 
34.7200 0.0344 
34.8320 0.0342 
34.9440 0.0339 
35.0560 0.0337 
35.1680 0.0334 
35.2800 0.0332 
35.3920 0.0329 
35.5040 0.0327 
35.6160 0.0324 
35.7280 0.0322 
35.8400 0.0320 
35.9520 0.0317 
36.0640 0.0315 
36.1760 0.0313 
36.2880 0.0310 
36.4000 0.0308 
36.5120 0.0305 
36.6240 0.0303 
36.7360 0.0301 
36.8480 0.0298 
36.9600 0.0296 
37.0720 0.0294 
37.1840 0.0292 
37.2960 0.0289 
37.4080 0.0287 
37.5200 0.0285 
37.6320 0.0283 
37.7440 0.0280 
37.8560 0.0278 
37.9680 0.0276 
38.0800 0.0274 
38.1920 0.0271 
38.3040 0.0269 
38.4160 0.0267 
38.5280 0.0265 
38.6400 0.0263 
38.7520 0.0261 
38.8640 0.0258 
38.9760 0.0256 
39.0880 0.0254 
39.2000 0.0252 
39.3120 0.0250 
39.4240 0.0248 
39.5360 0.0246 
39.6480 0.0243 
39.7600 0.0241 
39.8720 0.0239 
39.9840 0.0237 
40.0960 0.0235 
40.2080 0.0233 
40.3200 0.0231 
40.4320 0.0229 
40.5440 0.0227 
40.6560 0.0225 
40.7680 0.0223 
40.8800 0.0221 
40.9920 0.0219 
41.1040 0.0217 
41.2160 0.0215 
41.3280 0.0213 
41.4400 0.0211 
41.5520 0.0209 
41.6640 0.0207 
41.7760 0.0205 
41.8880 0.0203 
42.0000 0.0201 
42.1120 0.0199 
42.2240 0.0197 
42.3360 0.0196 
42.4480 0.0194 
42.5600 0.0192 
42.6720 0.0190 
42.7840 0.0188 
42.8960 0.0186 
43.0080 0.0184 
43.1200 0.0182 
43.2320 0.0181 
43.3440 0.0179 
43.4560 0.0177 
43.5680 0.0175 
43.6800 0.0173 
43.7920 0.0171 
43.9040 0.0170 
44.0160 0.0168 
44.1280 0.0166 
44.2400 0.0164 
44.3520 0.0162 
44.4640 0.0161 
44.5760 0.0159 
44.6880 0.0157 
44.8000 0.0155 
44.9120 0.0154 
45.0240 0.0152 
45.1360 0.0150 
45.2480 0.0149 
45.3600 0.0147 
45.4720 0.0145 
45.5840 0.0143 
45.6960 0.0142 
45.8080 0.0140 
45.9200 0.0138 
46.0320 0.0137 
46.1440 0.0135 
46.2560 0.0133 
46.3680 0.0132 
46.4800 0.0130 
46.5920 0.0128 
46.7040 0.0127 
46.8160 0.0125 
46.9280 0.0123 
47.0400 0.0122 
47.1520 0.0120 
47.2640 0.0118 
47.3760 0.0117 
47.4880 0.0115 
47.6000 0.0114 
47.7120 0.0112 
47.8240 0.0110 
47.9360 0.0109 
48.0480 0.0107 
48.1600 0.0106 
48.2720 0.0104 
48.3840 0.0103 
48.4960 0.0101 
48.6080 0.0099 
48.7200 0.0098 
48.8320 0.0096 
48.9440 0.0095 
49.0560 0.0093 
49.1680 0.0092 
49.2800 0.0090 
49.3920 0.0089 
49.5040 0.0087 
49.6160 0.0086 
49.7280 0.0084 
49.8400 0.0083 
49.9520 0.0081 
50.0640 0.0080 
50.1760 0.0078 
50.2880 0.0077 
50.4000 0.0075 
50.5120 0.0074 
50.6240 0.0072 
50.7360 0.0071 
50.8480 0.0069 
50.9600 0.0068 
51.0720 0.0066 
51.1840 0.0065 
51.2960 0.0063 
51.4080 0.0062 
51.5200 0.0060 
51.6320 0.0059 
51.7440 0.0057 
51.8560 0.0056 
51.9680 0.0054 
52.0800 0.0053 
52.1920 0.0051 
52.3040 0.0050 
52.4160 0.0048 
52.5280 0.0047 
52.6400 0.0045 
52.7520 0.0044 
52.8640 0.0042 
52.9760 0.0041 
53.0880 0.0039 
53.2000 0.0038 
53.3120 0.0036 
53.4240 0.0035 
53.5360 0.0034 
53.6480 0.0032 
53.7600 0.0031 
53.8720 0.0029 
53.9840 0.0028 
54.0960 0.0026 
54.2080 0.0025 
54.3200 0.0023 
54.4320 0.0022 
54.5440 0.0020 
54.6560 0.0019 
54.7680 0.0017 
54.8800 0.0016 
54.9920 0.0015 
55.1040 0.0013 
55.2160 0.0012 
55.3280 0.0010 
55.4400 0.0009 
55.5520 0.0007 
55.6640 0.0006 
55.7760 0.0004 
55.8880 0.0003 
56.0000 0.0001 
56.1120 0.0000 
