0.2488 0.4212 
0.4976 0.4212 
0.7464 0.4212 
0.9952 0.4210 
1.2440 0.4209 
1.4928 0.4207 
1.7416 0.4204 
1.9904 0.4201 
2.2392 0.4197 
2.4880 0.4193 
2.7368 0.4189 
2.9856 0.4184 
3.2344 0.4179 
3.4832 0.4173 
3.7320 0.4166 
3.9808 0.4159 
4.2296 0.4152 
4.4784 0.4144 
4.7272 0.4136 
4.9760 0.4127 
5.2248 0.4118 
5.4736 0.4109 
5.7224 0.4098 
5.9712 0.4088 
6.2200 0.4077 
6.4688 0.4065 
6.7176 0.4053 
6.9664 0.4041 
7.2152 0.4028 
7.4640 0.4014 
7.7128 0.4000 
7.9616 0.3986 
8.2104 0.3971 
8.4592 0.3956 
8.7080 0.3940 
8.9568 0.3924 
9.2056 0.3907 
9.4544 0.3890 
9.7032 0.3872 
9.9520 0.3854 
10.2008 0.3835 
10.4496 0.3816 
10.6984 0.3796 
10.9472 0.3776 
11.1960 0.3756 
11.4448 0.3735 
11.6936 0.3713 
11.9424 0.3691 
12.1912 0.3669 
12.4400 0.3646 
12.6888 0.3623 
12.9376 0.3599 
13.1864 0.3574 
13.4352 0.3550 
13.6840 0.3524 
13.9328 0.3498 
14.1816 0.3472 
14.4304 0.3446 
14.6792 0.3418 
14.9280 0.3391 
15.1768 0.3363 
15.4256 0.3336 
15.6744 0.3308 
15.9232 0.3280 
16.1720 0.3252 
16.4208 0.3225 
16.6696 0.3197 
16.9184 0.3170 
17.1672 0.3143 
17.4160 0.3116 
17.6648 0.3089 
17.9136 0.3063 
18.1624 0.3036 
18.4112 0.3010 
18.6600 0.2984 
18.9088 0.2958 
19.1576 0.2932 
19.4064 0.2907 
19.6552 0.2882 
19.9040 0.2856 
20.1528 0.2831 
20.4016 0.2807 
20.6504 0.2782 
20.8992 0.2757 
21.1480 0.2733 
21.3968 0.2709 
21.6456 0.2685 
21.8944 0.2661 
22.1432 0.2638 
22.3920 0.2614 
22.6408 0.2591 
22.8896 0.2568 
23.1384 0.2545 
23.3872 0.2522 
23.6360 0.2499 
23.8848 0.2477 
24.1336 0.2454 
24.3824 0.2432 
24.6312 0.2410 
24.8800 0.2388 
25.1288 0.2367 
25.3776 0.2345 
25.6264 0.2324 
25.8752 0.2303 
26.1240 0.2282 
26.3728 0.2261 
26.6216 0.2240 
26.8704 0.2219 
27.1192 0.2199 
27.3680 0.2179 
27.6168 0.2158 
27.8656 0.2138 
28.1144 0.2119 
28.3632 0.2099 
28.6120 0.2079 
28.8608 0.2060 
29.1096 0.2041 
29.3584 0.2022 
29.6072 0.2003 
29.8560 0.1984 
30.1048 0.1965 
30.3536 0.1947 
30.6024 0.1928 
30.8512 0.1910 
31.1000 0.1892 
31.3488 0.1874 
31.5976 0.1856 
31.8464 0.1839 
32.0952 0.1821 
32.3440 0.1804 
32.5928 0.1786 
32.8416 0.1769 
33.0904 0.1752 
33.3392 0.1735 
33.5880 0.1719 
33.8368 0.1702 
34.0856 0.1686 
34.3344 0.1669 
34.5832 0.1653 
34.8320 0.1637 
35.0808 0.1621 
35.3296 0.1605 
35.5784 0.1590 
35.8272 0.1574 
36.0760 0.1559 
36.3248 0.1543 
36.5736 0.1528 
36.8224 0.1513 
37.0712 0.1498 
37.3200 0.1483 
37.5688 0.1469 
37.8176 0.1454 
38.0664 0.1440 
38.3152 0.1425 
38.5640 0.1411 
38.8128 0.1397 
39.0616 0.1383 
39.3104 0.1369 
39.5592 0.1355 
39.8080 0.1342 
40.0568 0.1328 
40.3056 0.1315 
40.5544 0.1301 
40.8032 0.1288 
41.0520 0.1275 
41.3008 0.1262 
41.5496 0.1249 
41.7984 0.1236 
42.0472 0.1224 
42.2960 0.1211 
42.5448 0.1199 
42.7936 0.1186 
43.0424 0.1174 
43.2912 0.1162 
43.5400 0.1150 
43.7888 0.1138 
44.0376 0.1126 
44.2864 0.1115 
44.5352 0.1103 
44.7840 0.1092 
45.0328 0.1080 
45.2816 0.1069 
45.5304 0.1058 
45.7792 0.1046 
46.0280 0.1035 
46.2768 0.1024 
46.5256 0.1014 
46.7744 0.1003 
47.0232 0.0992 
47.2720 0.0982 
47.5208 0.0971 
47.7696 0.0961 
48.0184 0.0951 
48.2672 0.0940 
48.5160 0.0930 
48.7648 0.0920 
49.0136 0.0910 
49.2624 0.0900 
49.5112 0.0891 
49.7600 0.0881 
50.0088 0.0871 
50.2576 0.0862 
50.5064 0.0852 
50.7552 0.0843 
51.0040 0.0834 
51.2528 0.0825 
51.5016 0.0816 
51.7504 0.0807 
51.9992 0.0798 
52.2480 0.0789 
52.4968 0.0780 
52.7456 0.0771 
52.9944 0.0763 
53.2432 0.0754 
53.4920 0.0746 
53.7408 0.0737 
53.9896 0.0729 
54.2384 0.0721 
54.4872 0.0713 
54.7360 0.0705 
54.9848 0.0697 
55.2336 0.0689 
55.4824 0.0681 
55.7312 0.0673 
55.9800 0.0665 
56.2288 0.0658 
56.4776 0.0650 
56.7264 0.0643 
56.9752 0.0635 
57.2240 0.0628 
57.4728 0.0620 
57.7216 0.0613 
57.9704 0.0606 
58.2192 0.0599 
58.4680 0.0592 
58.7168 0.0585 
58.9656 0.0578 
59.2144 0.0571 
59.4632 0.0564 
59.7120 0.0558 
59.9608 0.0551 
60.2096 0.0545 
60.4584 0.0538 
60.7072 0.0532 
60.9560 0.0525 
61.2048 0.0519 
61.4536 0.0513 
61.7024 0.0506 
61.9512 0.0500 
62.2000 0.0494 
62.4488 0.0488 
62.6976 0.0482 
62.9464 0.0476 
63.1952 0.0470 
63.4440 0.0464 
63.6928 0.0459 
63.9416 0.0453 
64.1904 0.0447 
64.4392 0.0442 
64.6880 0.0436 
64.9368 0.0431 
65.1856 0.0425 
65.4344 0.0420 
65.6832 0.0415 
65.9320 0.0409 
66.1808 0.0404 
66.4296 0.0399 
66.6784 0.0394 
66.9272 0.0389 
67.1760 0.0384 
67.4248 0.0379 
67.6736 0.0374 
67.9224 0.0369 
68.1712 0.0364 
68.4200 0.0360 
68.6688 0.0355 
68.9176 0.0350 
69.1664 0.0346 
69.4152 0.0341 
69.6640 0.0337 
69.9128 0.0332 
70.1616 0.0328 
70.4104 0.0323 
70.6592 0.0319 
70.9080 0.0315 
71.1568 0.0311 
71.4056 0.0306 
71.6544 0.0302 
71.9032 0.0298 
72.1520 0.0294 
72.4008 0.0290 
72.6496 0.0286 
72.8984 0.0282 
73.1472 0.0278 
73.3960 0.0275 
73.6448 0.0271 
73.8936 0.0267 
74.1424 0.0263 
74.3912 0.0260 
74.6400 0.0256 
74.8888 0.0253 
75.1376 0.0249 
75.3864 0.0246 
75.6352 0.0242 
75.8840 0.0239 
76.1328 0.0235 
76.3816 0.0232 
76.6304 0.0229 
76.8792 0.0225 
77.1280 0.0222 
77.3768 0.0219 
77.6256 0.0216 
77.8744 0.0213 
78.1232 0.0210 
78.3720 0.0207 
78.6208 0.0204 
78.8696 0.0201 
79.1184 0.0198 
79.3672 0.0195 
79.6160 0.0192 
79.8648 0.0189 
80.1136 0.0187 
80.3624 0.0184 
80.6112 0.0181 
80.8600 0.0179 
81.1088 0.0176 
81.3576 0.0174 
81.6064 0.0171 
81.8552 0.0168 
82.1040 0.0166 
82.3528 0.0164 
82.6016 0.0161 
82.8504 0.0159 
83.0992 0.0156 
83.3480 0.0154 
83.5968 0.0152 
83.8456 0.0150 
84.0944 0.0147 
84.3432 0.0145 
84.5920 0.0143 
84.8408 0.0141 
85.0896 0.0139 
85.3384 0.0137 
85.5872 0.0135 
85.8360 0.0133 
86.0848 0.0131 
86.3336 0.0129 
86.5824 0.0127 
86.8312 0.0125 
87.0800 0.0123 
87.3288 0.0122 
87.5776 0.0120 
87.8264 0.0118 
88.0752 0.0116 
88.3240 0.0115 
88.5728 0.0113 
88.8216 0.0111 
89.0704 0.0110 
89.3192 0.0108 
89.5680 0.0107 
89.8168 0.0105 
90.0656 0.0104 
90.3144 0.0102 
90.5632 0.0101 
90.8120 0.0099 
91.0608 0.0098 
91.3096 0.0097 
91.5584 0.0095 
91.8072 0.0094 
92.0560 0.0093 
92.3048 0.0091 
92.5536 0.0090 
92.8024 0.0089 
93.0512 0.0088 
93.3000 0.0087 
93.5488 0.0085 
93.7976 0.0084 
94.0464 0.0083 
94.2952 0.0082 
94.5440 0.0081 
94.7928 0.0080 
95.0416 0.0079 
95.2904 0.0078 
95.5392 0.0077 
95.7880 0.0076 
96.0368 0.0075 
96.2856 0.0074 
96.5344 0.0074 
96.7832 0.0073 
97.0320 0.0072 
97.2808 0.0071 
97.5296 0.0070 
97.7784 0.0069 
98.0272 0.0068 
98.2760 0.0068 
98.5248 0.0067 
98.7736 0.0066 
99.0224 0.0065 
99.2712 0.0064 
99.5200 0.0064 
99.7688 0.0063 
100.0176 0.0062 
100.2664 0.0061 
100.5152 0.0060 
100.7640 0.0060 
101.0128 0.0059 
101.2616 0.0058 
101.5104 0.0057 
101.7592 0.0057 
102.0080 0.0056 
102.2568 0.0055 
102.5056 0.0055 
102.7544 0.0054 
103.0032 0.0053 
103.2520 0.0052 
103.5008 0.0052 
103.7496 0.0051 
103.9984 0.0050 
104.2472 0.0050 
104.4960 0.0049 
104.7448 0.0048 
104.9936 0.0048 
105.2424 0.0047 
105.4912 0.0046 
105.7400 0.0046 
105.9888 0.0045 
106.2376 0.0044 
106.4864 0.0044 
106.7352 0.0043 
106.9840 0.0042 
107.2328 0.0042 
107.4816 0.0041 
107.7304 0.0040 
107.9792 0.0040 
108.2280 0.0039 
108.4768 0.0038 
108.7256 0.0038 
108.9744 0.0037 
109.2232 0.0036 
109.4720 0.0036 
109.7208 0.0035 
109.9696 0.0035 
110.2184 0.0034 
110.4672 0.0033 
110.7160 0.0033 
110.9648 0.0032 
111.2136 0.0031 
111.4624 0.0031 
111.7112 0.0030 
111.9600 0.0030 
112.2088 0.0029 
112.4576 0.0028 
112.7064 0.0028 
112.9552 0.0027 
113.2040 0.0027 
113.4528 0.0026 
113.7016 0.0025 
113.9504 0.0025 
114.1992 0.0024 
114.4480 0.0024 
114.6968 0.0023 
114.9456 0.0022 
115.1944 0.0022 
115.4432 0.0021 
115.6920 0.0021 
115.9408 0.0020 
116.1896 0.0019 
116.4384 0.0019 
116.6872 0.0018 
116.9360 0.0018 
117.1848 0.0017 
117.4336 0.0017 
117.6824 0.0016 
117.9312 0.0015 
118.1800 0.0015 
118.4288 0.0014 
118.6776 0.0014 
118.9264 0.0013 
119.1752 0.0012 
119.4240 0.0012 
119.6728 0.0011 
119.9216 0.0011 
120.1704 0.0010 
120.4192 0.0010 
120.6680 0.0009 
120.9168 0.0008 
121.1656 0.0008 
121.4144 0.0007 
121.6632 0.0007 
121.9120 0.0006 
122.1608 0.0006 
122.4096 0.0005 
122.6584 0.0005 
122.9072 0.0004 
123.1560 0.0003 
123.4048 0.0003 
123.6536 0.0002 
123.9024 0.0002 
124.1512 0.0001 
124.4000 0.0001 
124.6488 0.0000 
