0.0472 0.0465 
0.0944 0.0465 
0.1416 0.0465 
0.1888 0.0465 
0.2360 0.0465 
0.2832 0.0465 
0.3304 0.0465 
0.3776 0.0464 
0.4248 0.0464 
0.4720 0.0464 
0.5192 0.0464 
0.5664 0.0464 
0.6136 0.0463 
0.6608 0.0463 
0.7080 0.0463 
0.7552 0.0463 
0.8024 0.0462 
0.8496 0.0462 
0.8968 0.0462 
0.9440 0.0461 
0.9912 0.0461 
1.0384 0.0460 
1.0856 0.0460 
1.1328 0.0459 
1.1800 0.0459 
1.2272 0.0458 
1.2744 0.0458 
1.3216 0.0457 
1.3688 0.0457 
1.4160 0.0456 
1.4632 0.0455 
1.5104 0.0455 
1.5576 0.0454 
1.6048 0.0453 
1.6520 0.0453 
1.6992 0.0452 
1.7464 0.0451 
1.7936 0.0450 
1.8408 0.0450 
1.8880 0.0449 
1.9352 0.0448 
1.9824 0.0447 
2.0296 0.0446 
2.0768 0.0445 
2.1240 0.0444 
2.1712 0.0444 
2.2184 0.0443 
2.2656 0.0442 
2.3128 0.0441 
2.3600 0.0440 
2.4072 0.0439 
2.4544 0.0437 
2.5016 0.0436 
2.5488 0.0435 
2.5960 0.0434 
2.6432 0.0433 
2.6904 0.0432 
2.7376 0.0431 
2.7848 0.0429 
2.8320 0.0428 
2.8792 0.0427 
2.9264 0.0426 
2.9736 0.0424 
3.0208 0.0423 
3.0680 0.0422 
3.1152 0.0421 
3.1624 0.0419 
3.2096 0.0418 
3.2568 0.0417 
3.3040 0.0416 
3.3512 0.0414 
3.3984 0.0413 
3.4456 0.0412 
3.4928 0.0411 
3.5400 0.0409 
3.5872 0.0408 
3.6344 0.0407 
3.6816 0.0406 
3.7288 0.0404 
3.7760 0.0403 
3.8232 0.0402 
3.8704 0.0401 
3.9176 0.0399 
3.9648 0.0398 
4.0120 0.0397 
4.0592 0.0396 
4.1064 0.0395 
4.1536 0.0393 
4.2008 0.0392 
4.2480 0.0391 
4.2952 0.0390 
4.3424 0.0388 
4.3896 0.0387 
4.4368 0.0386 
4.4840 0.0385 
4.5312 0.0384 
4.5784 0.0382 
4.6256 0.0381 
4.6728 0.0380 
4.7200 0.0379 
4.7672 0.0378 
4.8144 0.0376 
4.8616 0.0375 
4.9088 0.0374 
4.9560 0.0373 
5.0032 0.0372 
5.0504 0.0370 
5.0976 0.0369 
5.1448 0.0368 
5.1920 0.0367 
5.2392 0.0366 
5.2864 0.0365 
5.3336 0.0363 
5.3808 0.0362 
5.4280 0.0361 
5.4752 0.0360 
5.5224 0.0359 
5.5696 0.0357 
5.6168 0.0356 
5.6640 0.0355 
5.7112 0.0354 
5.7584 0.0353 
5.8056 0.0352 
5.8528 0.0350 
5.9000 0.0349 
5.9472 0.0348 
5.9944 0.0347 
6.0416 0.0346 
6.0888 0.0345 
6.1360 0.0344 
6.1832 0.0342 
6.2304 0.0341 
6.2776 0.0340 
6.3248 0.0339 
6.3720 0.0338 
6.4192 0.0337 
6.4664 0.0336 
6.5136 0.0334 
6.5608 0.0333 
6.6080 0.0332 
6.6552 0.0331 
6.7024 0.0330 
6.7496 0.0329 
6.7968 0.0328 
6.8440 0.0327 
6.8912 0.0325 
6.9384 0.0324 
6.9856 0.0323 
7.0328 0.0322 
7.0800 0.0321 
7.1272 0.0320 
7.1744 0.0319 
7.2216 0.0318 
7.2688 0.0316 
7.3160 0.0315 
7.3632 0.0314 
7.4104 0.0313 
7.4576 0.0312 
7.5048 0.0311 
7.5520 0.0310 
7.5992 0.0309 
7.6464 0.0308 
7.6936 0.0307 
7.7408 0.0305 
7.7880 0.0304 
7.8352 0.0303 
7.8824 0.0302 
7.9296 0.0301 
7.9768 0.0300 
8.0240 0.0299 
8.0712 0.0298 
8.1184 0.0297 
8.1656 0.0296 
8.2128 0.0295 
8.2600 0.0294 
8.3072 0.0292 
8.3544 0.0291 
8.4016 0.0290 
8.4488 0.0289 
8.4960 0.0288 
8.5432 0.0287 
8.5904 0.0286 
8.6376 0.0285 
8.6848 0.0284 
8.7320 0.0283 
8.7792 0.0282 
8.8264 0.0281 
8.8736 0.0280 
8.9208 0.0279 
8.9680 0.0278 
9.0152 0.0276 
9.0624 0.0275 
9.1096 0.0274 
9.1568 0.0273 
9.2040 0.0272 
9.2512 0.0271 
9.2984 0.0270 
9.3456 0.0269 
9.3928 0.0268 
9.4400 0.0267 
9.4872 0.0266 
9.5344 0.0265 
9.5816 0.0264 
9.6288 0.0263 
9.6760 0.0262 
9.7232 0.0261 
9.7704 0.0260 
9.8176 0.0259 
9.8648 0.0258 
9.9120 0.0257 
9.9592 0.0256 
10.0064 0.0255 
10.0536 0.0254 
10.1008 0.0253 
10.1480 0.0252 
10.1952 0.0251 
10.2424 0.0250 
10.2896 0.0249 
10.3368 0.0248 
10.3840 0.0247 
10.4312 0.0246 
10.4784 0.0245 
10.5256 0.0244 
10.5728 0.0243 
10.6200 0.0242 
10.6672 0.0241 
10.7144 0.0240 
10.7616 0.0239 
10.8088 0.0238 
10.8560 0.0237 
10.9032 0.0236 
10.9504 0.0235 
10.9976 0.0234 
11.0448 0.0233 
11.0920 0.0232 
11.1392 0.0231 
11.1864 0.0230 
11.2336 0.0229 
11.2808 0.0228 
11.3280 0.0227 
11.3752 0.0226 
11.4224 0.0225 
11.4696 0.0224 
11.5168 0.0223 
11.5640 0.0222 
11.6112 0.0221 
11.6584 0.0220 
11.7056 0.0219 
11.7528 0.0218 
11.8000 0.0217 
11.8472 0.0216 
11.8944 0.0215 
11.9416 0.0214 
11.9888 0.0213 
12.0360 0.0212 
12.0832 0.0211 
12.1304 0.0210 
12.1776 0.0209 
12.2248 0.0208 
12.2720 0.0207 
12.3192 0.0206 
12.3664 0.0205 
12.4136 0.0204 
12.4608 0.0203 
12.5080 0.0202 
12.5552 0.0201 
12.6024 0.0201 
12.6496 0.0200 
12.6968 0.0199 
12.7440 0.0198 
12.7912 0.0197 
12.8384 0.0196 
12.8856 0.0195 
12.9328 0.0194 
12.9800 0.0193 
13.0272 0.0192 
13.0744 0.0191 
13.1216 0.0190 
13.1688 0.0189 
13.2160 0.0188 
13.2632 0.0187 
13.3104 0.0186 
13.3576 0.0186 
13.4048 0.0185 
13.4520 0.0184 
13.4992 0.0183 
13.5464 0.0182 
13.5936 0.0181 
13.6408 0.0180 
13.6880 0.0179 
13.7352 0.0178 
13.7824 0.0177 
13.8296 0.0176 
13.8768 0.0175 
13.9240 0.0174 
13.9712 0.0174 
14.0184 0.0173 
14.0656 0.0172 
14.1128 0.0171 
14.1600 0.0170 
14.2072 0.0169 
14.2544 0.0168 
14.3016 0.0167 
14.3488 0.0166 
14.3960 0.0165 
14.4432 0.0164 
14.4904 0.0164 
14.5376 0.0163 
14.5848 0.0162 
14.6320 0.0161 
14.6792 0.0160 
14.7264 0.0159 
14.7736 0.0158 
14.8208 0.0157 
14.8680 0.0156 
14.9152 0.0156 
14.9624 0.0155 
15.0096 0.0154 
15.0568 0.0153 
15.1040 0.0152 
15.1512 0.0151 
15.1984 0.0150 
15.2456 0.0149 
15.2928 0.0148 
15.3400 0.0148 
15.3872 0.0147 
15.4344 0.0146 
15.4816 0.0145 
15.5288 0.0144 
15.5760 0.0143 
15.6232 0.0142 
15.6704 0.0141 
15.7176 0.0140 
15.7648 0.0140 
15.8120 0.0139 
15.8592 0.0138 
15.9064 0.0137 
15.9536 0.0136 
16.0008 0.0135 
16.0480 0.0134 
16.0952 0.0134 
16.1424 0.0133 
16.1896 0.0132 
16.2368 0.0131 
16.2840 0.0130 
16.3312 0.0129 
16.3784 0.0128 
16.4256 0.0127 
16.4728 0.0127 
16.5200 0.0126 
16.5672 0.0125 
16.6144 0.0124 
16.6616 0.0123 
16.7088 0.0122 
16.7560 0.0121 
16.8032 0.0121 
16.8504 0.0120 
16.8976 0.0119 
16.9448 0.0118 
16.9920 0.0117 
17.0392 0.0116 
17.0864 0.0115 
17.1336 0.0115 
17.1808 0.0114 
17.2280 0.0113 
17.2752 0.0112 
17.3224 0.0111 
17.3696 0.0110 
17.4168 0.0109 
17.4640 0.0109 
17.5112 0.0108 
17.5584 0.0107 
17.6056 0.0106 
17.6528 0.0105 
17.7000 0.0104 
17.7472 0.0104 
17.7944 0.0103 
17.8416 0.0102 
17.8888 0.0101 
17.9360 0.0100 
17.9832 0.0099 
18.0304 0.0098 
18.0776 0.0098 
18.1248 0.0097 
18.1720 0.0096 
18.2192 0.0095 
18.2664 0.0094 
18.3136 0.0093 
18.3608 0.0093 
18.4080 0.0092 
18.4552 0.0091 
18.5024 0.0090 
18.5496 0.0089 
18.5968 0.0088 
18.6440 0.0088 
18.6912 0.0087 
18.7384 0.0086 
18.7856 0.0085 
18.8328 0.0084 
18.8800 0.0083 
18.9272 0.0083 
18.9744 0.0082 
19.0216 0.0081 
19.0688 0.0080 
19.1160 0.0079 
19.1632 0.0078 
19.2104 0.0078 
19.2576 0.0077 
19.3048 0.0076 
19.3520 0.0075 
19.3992 0.0074 
19.4464 0.0073 
19.4936 0.0073 
19.5408 0.0072 
19.5880 0.0071 
19.6352 0.0070 
19.6824 0.0069 
19.7296 0.0068 
19.7768 0.0068 
19.8240 0.0067 
19.8712 0.0066 
19.9184 0.0065 
19.9656 0.0064 
20.0128 0.0063 
20.0600 0.0063 
20.1072 0.0062 
20.1544 0.0061 
20.2016 0.0060 
20.2488 0.0059 
20.2960 0.0058 
20.3432 0.0058 
20.3904 0.0057 
20.4376 0.0056 
20.4848 0.0055 
20.5320 0.0054 
20.5792 0.0053 
20.6264 0.0053 
20.6736 0.0052 
20.7208 0.0051 
20.7680 0.0050 
20.8152 0.0049 
20.8624 0.0049 
20.9096 0.0048 
20.9568 0.0047 
21.0040 0.0046 
21.0512 0.0045 
21.0984 0.0044 
21.1456 0.0044 
21.1928 0.0043 
21.2400 0.0042 
21.2872 0.0041 
21.3344 0.0040 
21.3816 0.0039 
21.4288 0.0039 
21.4760 0.0038 
21.5232 0.0037 
21.5704 0.0036 
21.6176 0.0035 
21.6648 0.0034 
21.7120 0.0034 
21.7592 0.0033 
21.8064 0.0032 
21.8536 0.0031 
21.9008 0.0030 
21.9480 0.0030 
21.9952 0.0029 
22.0424 0.0028 
22.0896 0.0027 
22.1368 0.0026 
22.1840 0.0025 
22.2312 0.0025 
22.2784 0.0024 
22.3256 0.0023 
22.3728 0.0022 
22.4200 0.0021 
22.4672 0.0021 
22.5144 0.0020 
22.5616 0.0019 
22.6088 0.0018 
22.6560 0.0017 
22.7032 0.0016 
22.7504 0.0016 
22.7976 0.0015 
22.8448 0.0014 
22.8920 0.0013 
22.9392 0.0012 
22.9864 0.0011 
23.0336 0.0011 
23.0808 0.0010 
23.1280 0.0009 
23.1752 0.0008 
23.2224 0.0007 
23.2696 0.0007 
23.3168 0.0006 
23.3640 0.0005 
23.4112 0.0004 
23.4584 0.0003 
23.5056 0.0002 
23.5528 0.0002 
23.6000 0.0001 
23.6472 0.0000 
