0.0832 0.1070 
0.1664 0.1070 
0.2496 0.1070 
0.3328 0.1070 
0.4160 0.1069 
0.4992 0.1069 
0.5824 0.1069 
0.6656 0.1068 
0.7488 0.1068 
0.8320 0.1067 
0.9152 0.1067 
0.9984 0.1066 
1.0816 0.1065 
1.1648 0.1065 
1.2480 0.1064 
1.3312 0.1063 
1.4144 0.1062 
1.4976 0.1061 
1.5808 0.1060 
1.6640 0.1059 
1.7472 0.1058 
1.8304 0.1056 
1.9136 0.1055 
1.9968 0.1054 
2.0800 0.1052 
2.1632 0.1051 
2.2464 0.1049 
2.3296 0.1047 
2.4128 0.1046 
2.4960 0.1044 
2.5792 0.1042 
2.6624 0.1040 
2.7456 0.1038 
2.8288 0.1036 
2.9120 0.1034 
2.9952 0.1032 
3.0784 0.1030 
3.1616 0.1028 
3.2448 0.1026 
3.3280 0.1023 
3.4112 0.1021 
3.4944 0.1018 
3.5776 0.1016 
3.6608 0.1013 
3.7440 0.1010 
3.8272 0.1008 
3.9104 0.1005 
3.9936 0.1002 
4.0768 0.0999 
4.1600 0.0996 
4.2432 0.0993 
4.3264 0.0990 
4.4096 0.0987 
4.4928 0.0984 
4.5760 0.0980 
4.6592 0.0977 
4.7424 0.0974 
4.8256 0.0970 
4.9088 0.0967 
4.9920 0.0963 
5.0752 0.0959 
5.1584 0.0956 
5.2416 0.0952 
5.3248 0.0948 
5.4080 0.0945 
5.4912 0.0941 
5.5744 0.0938 
5.6576 0.0934 
5.7408 0.0930 
5.8240 0.0927 
5.9072 0.0923 
5.9904 0.0920 
6.0736 0.0916 
6.1568 0.0912 
6.2400 0.0909 
6.3232 0.0905 
6.4064 0.0902 
6.4896 0.0898 
6.5728 0.0895 
6.6560 0.0891 
6.7392 0.0888 
6.8224 0.0884 
6.9056 0.0881 
6.9888 0.0877 
7.0720 0.0874 
7.1552 0.0870 
7.2384 0.0867 
7.3216 0.0863 
7.4048 0.0860 
7.4880 0.0857 
7.5712 0.0853 
7.6544 0.0850 
7.7376 0.0846 
7.8208 0.0843 
7.9040 0.0840 
7.9872 0.0836 
8.0704 0.0833 
8.1536 0.0830 
8.2368 0.0826 
8.3200 0.0823 
8.4032 0.0820 
8.4864 0.0816 
8.5696 0.0813 
8.6528 0.0810 
8.7360 0.0806 
8.8192 0.0803 
8.9024 0.0800 
8.9856 0.0797 
9.0688 0.0793 
9.1520 0.0790 
9.2352 0.0787 
9.3184 0.0784 
9.4016 0.0780 
9.4848 0.0777 
9.5680 0.0774 
9.6512 0.0771 
9.7344 0.0768 
9.8176 0.0765 
9.9008 0.0761 
9.9840 0.0758 
10.0672 0.0755 
10.1504 0.0752 
10.2336 0.0749 
10.3168 0.0746 
10.4000 0.0743 
10.4832 0.0740 
10.5664 0.0736 
10.6496 0.0733 
10.7328 0.0730 
10.8160 0.0727 
10.8992 0.0724 
10.9824 0.0721 
11.0656 0.0718 
11.1488 0.0715 
11.2320 0.0712 
11.3152 0.0709 
11.3984 0.0706 
11.4816 0.0703 
11.5648 0.0700 
11.6480 0.0697 
11.7312 0.0694 
11.8144 0.0691 
11.8976 0.0688 
11.9808 0.0685 
12.0640 0.0682 
12.1472 0.0679 
12.2304 0.0676 
12.3136 0.0673 
12.3968 0.0671 
12.4800 0.0668 
12.5632 0.0665 
12.6464 0.0662 
12.7296 0.0659 
12.8128 0.0656 
12.8960 0.0653 
12.9792 0.0650 
13.0624 0.0648 
13.1456 0.0645 
13.2288 0.0642 
13.3120 0.0639 
13.3952 0.0636 
13.4784 0.0633 
13.5616 0.0631 
13.6448 0.0628 
13.7280 0.0625 
13.8112 0.0622 
13.8944 0.0620 
13.9776 0.0617 
14.0608 0.0614 
14.1440 0.0611 
14.2272 0.0609 
14.3104 0.0606 
14.3936 0.0603 
14.4768 0.0600 
14.5600 0.0598 
14.6432 0.0595 
14.7264 0.0592 
14.8096 0.0590 
14.8928 0.0587 
14.9760 0.0584 
15.0592 0.0582 
15.1424 0.0579 
15.2256 0.0576 
15.3088 0.0574 
15.3920 0.0571 
15.4752 0.0568 
15.5584 0.0566 
15.6416 0.0563 
15.7248 0.0560 
15.8080 0.0558 
15.8912 0.0555 
15.9744 0.0553 
16.0576 0.0550 
16.1408 0.0548 
16.2240 0.0545 
16.3072 0.0542 
16.3904 0.0540 
16.4736 0.0537 
16.5568 0.0535 
16.6400 0.0532 
16.7232 0.0530 
16.8064 0.0527 
16.8896 0.0525 
16.9728 0.0522 
17.0560 0.0520 
17.1392 0.0517 
17.2224 0.0515 
17.3056 0.0512 
17.3888 0.0510 
17.4720 0.0507 
17.5552 0.0505 
17.6384 0.0502 
17.7216 0.0500 
17.8048 0.0498 
17.8880 0.0495 
17.9712 0.0493 
18.0544 0.0490 
18.1376 0.0488 
18.2208 0.0485 
18.3040 0.0483 
18.3872 0.0481 
18.4704 0.0478 
18.5536 0.0476 
18.6368 0.0474 
18.7200 0.0471 
18.8032 0.0469 
18.8864 0.0466 
18.9696 0.0464 
19.0528 0.0462 
19.1360 0.0459 
19.2192 0.0457 
19.3024 0.0455 
19.3856 0.0452 
19.4688 0.0450 
19.5520 0.0448 
19.6352 0.0446 
19.7184 0.0443 
19.8016 0.0441 
19.8848 0.0439 
19.9680 0.0436 
20.0512 0.0434 
20.1344 0.0432 
20.2176 0.0430 
20.3008 0.0427 
20.3840 0.0425 
20.4672 0.0423 
20.5504 0.0421 
20.6336 0.0418 
20.7168 0.0416 
20.8000 0.0414 
20.8832 0.0412 
20.9664 0.0410 
21.0496 0.0407 
21.1328 0.0405 
21.2160 0.0403 
21.2992 0.0401 
21.3824 0.0399 
21.4656 0.0397 
21.5488 0.0394 
21.6320 0.0392 
21.7152 0.0390 
21.7984 0.0388 
21.8816 0.0386 
21.9648 0.0384 
22.0480 0.0382 
22.1312 0.0379 
22.2144 0.0377 
22.2976 0.0375 
22.3808 0.0373 
22.4640 0.0371 
22.5472 0.0369 
22.6304 0.0367 
22.7136 0.0365 
22.7968 0.0363 
22.8800 0.0361 
22.9632 0.0359 
23.0464 0.0357 
23.1296 0.0355 
23.2128 0.0352 
23.2960 0.0350 
23.3792 0.0348 
23.4624 0.0346 
23.5456 0.0344 
23.6288 0.0342 
23.7120 0.0340 
23.7952 0.0338 
23.8784 0.0336 
23.9616 0.0334 
24.0448 0.0332 
24.1280 0.0330 
24.2112 0.0328 
24.2944 0.0326 
24.3776 0.0324 
24.4608 0.0322 
24.5440 0.0321 
24.6272 0.0319 
24.7104 0.0317 
24.7936 0.0315 
24.8768 0.0313 
24.9600 0.0311 
25.0432 0.0309 
25.1264 0.0307 
25.2096 0.0305 
25.2928 0.0303 
25.3760 0.0301 
25.4592 0.0299 
25.5424 0.0297 
25.6256 0.0296 
25.7088 0.0294 
25.7920 0.0292 
25.8752 0.0290 
25.9584 0.0288 
26.0416 0.0286 
26.1248 0.0284 
26.2080 0.0282 
26.2912 0.0281 
26.3744 0.0279 
26.4576 0.0277 
26.5408 0.0275 
26.6240 0.0273 
26.7072 0.0271 
26.7904 0.0270 
26.8736 0.0268 
26.9568 0.0266 
27.0400 0.0264 
27.1232 0.0262 
27.2064 0.0260 
27.2896 0.0259 
27.3728 0.0257 
27.4560 0.0255 
27.5392 0.0253 
27.6224 0.0252 
27.7056 0.0250 
27.7888 0.0248 
27.8720 0.0246 
27.9552 0.0245 
28.0384 0.0243 
28.1216 0.0241 
28.2048 0.0239 
28.2880 0.0238 
28.3712 0.0236 
28.4544 0.0234 
28.5376 0.0232 
28.6208 0.0231 
28.7040 0.0229 
28.7872 0.0227 
28.8704 0.0225 
28.9536 0.0224 
29.0368 0.0222 
29.1200 0.0220 
29.2032 0.0219 
29.2864 0.0217 
29.3696 0.0215 
29.4528 0.0214 
29.5360 0.0212 
29.6192 0.0210 
29.7024 0.0209 
29.7856 0.0207 
29.8688 0.0205 
29.9520 0.0204 
30.0352 0.0202 
30.1184 0.0200 
30.2016 0.0199 
30.2848 0.0197 
30.3680 0.0195 
30.4512 0.0194 
30.5344 0.0192 
30.6176 0.0191 
30.7008 0.0189 
30.7840 0.0187 
30.8672 0.0186 
30.9504 0.0184 
31.0336 0.0183 
31.1168 0.0181 
31.2000 0.0179 
31.2832 0.0178 
31.3664 0.0176 
31.4496 0.0175 
31.5328 0.0173 
31.6160 0.0171 
31.6992 0.0170 
31.7824 0.0168 
31.8656 0.0167 
31.9488 0.0165 
32.0320 0.0164 
32.1152 0.0162 
32.1984 0.0161 
32.2816 0.0159 
32.3648 0.0157 
32.4480 0.0156 
32.5312 0.0154 
32.6144 0.0153 
32.6976 0.0151 
32.7808 0.0150 
32.8640 0.0148 
32.9472 0.0147 
33.0304 0.0145 
33.1136 0.0144 
33.1968 0.0142 
33.2800 0.0141 
33.3632 0.0139 
33.4464 0.0138 
33.5296 0.0136 
33.6128 0.0135 
33.6960 0.0133 
33.7792 0.0132 
33.8624 0.0130 
33.9456 0.0129 
34.0288 0.0127 
34.1120 0.0126 
34.1952 0.0124 
34.2784 0.0123 
34.3616 0.0122 
34.4448 0.0120 
34.5280 0.0119 
34.6112 0.0117 
34.6944 0.0116 
34.7776 0.0114 
34.8608 0.0113 
34.9440 0.0111 
35.0272 0.0110 
35.1104 0.0109 
35.1936 0.0107 
35.2768 0.0106 
35.3600 0.0104 
35.4432 0.0103 
35.5264 0.0101 
35.6096 0.0100 
35.6928 0.0099 
35.7760 0.0097 
35.8592 0.0096 
35.9424 0.0094 
36.0256 0.0093 
36.1088 0.0092 
36.1920 0.0090 
36.2752 0.0089 
36.3584 0.0087 
36.4416 0.0086 
36.5248 0.0085 
36.6080 0.0083 
36.6912 0.0082 
36.7744 0.0080 
36.8576 0.0079 
36.9408 0.0078 
37.0240 0.0076 
37.1072 0.0075 
37.1904 0.0073 
37.2736 0.0072 
37.3568 0.0071 
37.4400 0.0069 
37.5232 0.0068 
37.6064 0.0067 
37.6896 0.0065 
37.7728 0.0064 
37.8560 0.0062 
37.9392 0.0061 
38.0224 0.0060 
38.1056 0.0058 
38.1888 0.0057 
38.2720 0.0056 
38.3552 0.0054 
38.4384 0.0053 
38.5216 0.0052 
38.6048 0.0050 
38.6880 0.0049 
38.7712 0.0047 
38.8544 0.0046 
38.9376 0.0045 
39.0208 0.0043 
39.1040 0.0042 
39.1872 0.0041 
39.2704 0.0039 
39.3536 0.0038 
39.4368 0.0037 
39.5200 0.0035 
39.6032 0.0034 
39.6864 0.0032 
39.7696 0.0031 
39.8528 0.0030 
39.9360 0.0028 
40.0192 0.0027 
40.1024 0.0026 
40.1856 0.0024 
40.2688 0.0023 
40.3520 0.0022 
40.4352 0.0020 
40.5184 0.0019 
40.6016 0.0018 
40.6848 0.0016 
40.7680 0.0015 
40.8512 0.0014 
40.9344 0.0012 
41.0176 0.0011 
41.1008 0.0009 
41.1840 0.0008 
41.2672 0.0007 
41.3504 0.0005 
41.4336 0.0004 
41.5168 0.0003 
41.6000 0.0001 
41.6832 0.0000 
