0.2416 0.4052 
0.4832 0.4052 
0.7248 0.4051 
0.9664 0.4050 
1.2080 0.4048 
1.4496 0.4046 
1.6912 0.4044 
1.9328 0.4041 
2.1744 0.4038 
2.4160 0.4034 
2.6576 0.4030 
2.8992 0.4025 
3.1408 0.4020 
3.3824 0.4014 
3.6240 0.4008 
3.8656 0.4002 
4.1072 0.3995 
4.3488 0.3988 
4.5904 0.3980 
4.8320 0.3972 
5.0736 0.3963 
5.3152 0.3954 
5.5568 0.3944 
5.7984 0.3934 
6.0400 0.3924 
6.2816 0.3913 
6.5232 0.3901 
6.7648 0.3890 
7.0064 0.3877 
7.2480 0.3865 
7.4896 0.3851 
7.7312 0.3838 
7.9728 0.3824 
8.2144 0.3809 
8.4560 0.3794 
8.6976 0.3779 
8.9392 0.3763 
9.1808 0.3747 
9.4224 0.3730 
9.6640 0.3713 
9.9056 0.3695 
10.1472 0.3677 
10.3888 0.3659 
10.6304 0.3640 
10.8720 0.3620 
11.1136 0.3600 
11.3552 0.3580 
11.5968 0.3559 
11.8384 0.3538 
12.0800 0.3516 
12.3216 0.3494 
12.5632 0.3472 
12.8048 0.3449 
13.0464 0.3425 
13.2880 0.3401 
13.5296 0.3377 
13.7712 0.3352 
14.0128 0.3327 
14.2544 0.3301 
14.4960 0.3275 
14.7376 0.3249 
14.9792 0.3223 
15.2208 0.3196 
15.4624 0.3170 
15.7040 0.3144 
15.9456 0.3118 
16.1872 0.3092 
16.4288 0.3066 
16.6704 0.3040 
16.9120 0.3015 
17.1536 0.2990 
17.3952 0.2964 
17.6368 0.2939 
17.8784 0.2915 
18.1200 0.2890 
18.3616 0.2865 
18.6032 0.2841 
18.8448 0.2817 
19.0864 0.2793 
19.3280 0.2769 
19.5696 0.2745 
19.8112 0.2722 
20.0528 0.2698 
20.2944 0.2675 
20.5360 0.2652 
20.7776 0.2629 
21.0192 0.2607 
21.2608 0.2584 
21.5024 0.2561 
21.7440 0.2539 
21.9856 0.2517 
22.2272 0.2495 
22.4688 0.2473 
22.7104 0.2452 
22.9520 0.2430 
23.1936 0.2409 
23.4352 0.2388 
23.6768 0.2367 
23.9184 0.2346 
24.1600 0.2325 
24.4016 0.2304 
24.6432 0.2284 
24.8848 0.2263 
25.1264 0.2243 
25.3680 0.2223 
25.6096 0.2203 
25.8512 0.2184 
26.0928 0.2164 
26.3344 0.2145 
26.5760 0.2125 
26.8176 0.2106 
27.0592 0.2087 
27.3008 0.2068 
27.5424 0.2050 
27.7840 0.2031 
28.0256 0.2012 
28.2672 0.1994 
28.5088 0.1976 
28.7504 0.1958 
28.9920 0.1940 
29.2336 0.1922 
29.4752 0.1904 
29.7168 0.1887 
29.9584 0.1870 
30.2000 0.1852 
30.4416 0.1835 
30.6832 0.1818 
30.9248 0.1801 
31.1664 0.1784 
31.4080 0.1768 
31.6496 0.1751 
31.8912 0.1735 
32.1328 0.1719 
32.3744 0.1703 
32.6160 0.1687 
32.8576 0.1671 
33.0992 0.1655 
33.3408 0.1639 
33.5824 0.1624 
33.8240 0.1609 
34.0656 0.1593 
34.3072 0.1578 
34.5488 0.1563 
34.7904 0.1548 
35.0320 0.1533 
35.2736 0.1519 
35.5152 0.1504 
35.7568 0.1490 
35.9984 0.1475 
36.2400 0.1461 
36.4816 0.1447 
36.7232 0.1433 
36.9648 0.1419 
37.2064 0.1405 
37.4480 0.1392 
37.6896 0.1378 
37.9312 0.1365 
38.1728 0.1352 
38.4144 0.1338 
38.6560 0.1325 
38.8976 0.1312 
39.1392 0.1299 
39.3808 0.1286 
39.6224 0.1274 
39.8640 0.1261 
40.1056 0.1249 
40.3472 0.1236 
40.5888 0.1224 
40.8304 0.1212 
41.0720 0.1200 
41.3136 0.1188 
41.5552 0.1176 
41.7968 0.1164 
42.0384 0.1152 
42.2800 0.1141 
42.5216 0.1129 
42.7632 0.1118 
43.0048 0.1107 
43.2464 0.1095 
43.4880 0.1084 
43.7296 0.1073 
43.9712 0.1062 
44.2128 0.1051 
44.4544 0.1041 
44.6960 0.1030 
44.9376 0.1019 
45.1792 0.1009 
45.4208 0.0999 
45.6624 0.0988 
45.9040 0.0978 
46.1456 0.0968 
46.3872 0.0958 
46.6288 0.0948 
46.8704 0.0938 
47.1120 0.0928 
47.3536 0.0918 
47.5952 0.0909 
47.8368 0.0899 
48.0784 0.0890 
48.3200 0.0880 
48.5616 0.0871 
48.8032 0.0862 
49.0448 0.0853 
49.2864 0.0844 
49.5280 0.0835 
49.7696 0.0826 
50.0112 0.0817 
50.2528 0.0808 
50.4944 0.0799 
50.7360 0.0791 
50.9776 0.0782 
51.2192 0.0774 
51.4608 0.0765 
51.7024 0.0757 
51.9440 0.0749 
52.1856 0.0741 
52.4272 0.0733 
52.6688 0.0725 
52.9104 0.0717 
53.1520 0.0709 
53.3936 0.0701 
53.6352 0.0693 
53.8768 0.0686 
54.1184 0.0678 
54.3600 0.0670 
54.6016 0.0663 
54.8432 0.0656 
55.0848 0.0648 
55.3264 0.0641 
55.5680 0.0634 
55.8096 0.0627 
56.0512 0.0619 
56.2928 0.0612 
56.5344 0.0605 
56.7760 0.0599 
57.0176 0.0592 
57.2592 0.0585 
57.5008 0.0578 
57.7424 0.0572 
57.9840 0.0565 
58.2256 0.0559 
58.4672 0.0552 
58.7088 0.0546 
58.9504 0.0539 
59.1920 0.0533 
59.4336 0.0527 
59.6752 0.0521 
59.9168 0.0514 
60.1584 0.0508 
60.4000 0.0502 
60.6416 0.0496 
60.8832 0.0491 
61.1248 0.0485 
61.3664 0.0479 
61.6080 0.0473 
61.8496 0.0468 
62.0912 0.0462 
62.3328 0.0456 
62.5744 0.0451 
62.8160 0.0445 
63.0576 0.0440 
63.2992 0.0435 
63.5408 0.0429 
63.7824 0.0424 
64.0240 0.0419 
64.2656 0.0414 
64.5072 0.0409 
64.7488 0.0404 
64.9904 0.0399 
65.2320 0.0394 
65.4736 0.0389 
65.7152 0.0384 
65.9568 0.0379 
66.1984 0.0374 
66.4400 0.0370 
66.6816 0.0365 
66.9232 0.0360 
67.1648 0.0356 
67.4064 0.0351 
67.6480 0.0347 
67.8896 0.0342 
68.1312 0.0338 
68.3728 0.0333 
68.6144 0.0329 
68.8560 0.0325 
69.0976 0.0321 
69.3392 0.0317 
69.5808 0.0312 
69.8224 0.0308 
70.0640 0.0304 
70.3056 0.0300 
70.5472 0.0296 
70.7888 0.0292 
71.0304 0.0289 
71.2720 0.0285 
71.5136 0.0281 
71.7552 0.0277 
71.9968 0.0273 
72.2384 0.0270 
72.4800 0.0266 
72.7216 0.0263 
72.9632 0.0259 
73.2048 0.0256 
73.4464 0.0252 
73.6880 0.0249 
73.9296 0.0245 
74.1712 0.0242 
74.4128 0.0239 
74.6544 0.0235 
74.8960 0.0232 
75.1376 0.0229 
75.3792 0.0226 
75.6208 0.0223 
75.8624 0.0220 
76.1040 0.0217 
76.3456 0.0213 
76.5872 0.0211 
76.8288 0.0208 
77.0704 0.0205 
77.3120 0.0202 
77.5536 0.0199 
77.7952 0.0196 
78.0368 0.0193 
78.2784 0.0191 
78.5200 0.0188 
78.7616 0.0185 
79.0032 0.0183 
79.2448 0.0180 
79.4864 0.0178 
79.7280 0.0175 
79.9696 0.0173 
80.2112 0.0170 
80.4528 0.0168 
80.6944 0.0165 
80.9360 0.0163 
81.1776 0.0161 
81.4192 0.0158 
81.6608 0.0156 
81.9024 0.0154 
82.1440 0.0151 
82.3856 0.0149 
82.6272 0.0147 
82.8688 0.0145 
83.1104 0.0143 
83.3520 0.0141 
83.5936 0.0139 
83.8352 0.0137 
84.0768 0.0135 
84.3184 0.0133 
84.5600 0.0131 
84.8016 0.0129 
85.0432 0.0127 
85.2848 0.0125 
85.5264 0.0124 
85.7680 0.0122 
86.0096 0.0120 
86.2512 0.0118 
86.4928 0.0117 
86.7344 0.0115 
86.9760 0.0113 
87.2176 0.0112 
87.4592 0.0110 
87.7008 0.0109 
87.9424 0.0107 
88.1840 0.0106 
88.4256 0.0104 
88.6672 0.0103 
88.9088 0.0101 
89.1504 0.0100 
89.3920 0.0099 
89.6336 0.0097 
89.8752 0.0096 
90.1168 0.0095 
90.3584 0.0093 
90.6000 0.0092 
90.8416 0.0091 
91.0832 0.0090 
91.3248 0.0088 
91.5664 0.0087 
91.8080 0.0086 
92.0496 0.0085 
92.2912 0.0084 
92.5328 0.0083 
92.7744 0.0082 
93.0160 0.0081 
93.2576 0.0080 
93.4992 0.0079 
93.7408 0.0078 
93.9824 0.0077 
94.2240 0.0076 
94.4656 0.0075 
94.7072 0.0074 
94.9488 0.0073 
95.1904 0.0072 
95.4320 0.0071 
95.6736 0.0071 
95.9152 0.0070 
96.1568 0.0069 
96.3984 0.0068 
96.6400 0.0067 
96.8816 0.0066 
97.1232 0.0066 
97.3648 0.0065 
97.6064 0.0064 
97.8480 0.0063 
98.0896 0.0062 
98.3312 0.0062 
98.5728 0.0061 
98.8144 0.0060 
99.0560 0.0059 
99.2976 0.0059 
99.5392 0.0058 
99.7808 0.0057 
100.0224 0.0056 
100.2640 0.0055 
100.5056 0.0055 
100.7472 0.0054 
100.9888 0.0053 
101.2304 0.0053 
101.4720 0.0052 
101.7136 0.0051 
101.9552 0.0050 
102.1968 0.0050 
102.4384 0.0049 
102.6800 0.0048 
102.9216 0.0048 
103.1632 0.0047 
103.4048 0.0046 
103.6464 0.0045 
103.8880 0.0045 
104.1296 0.0044 
104.3712 0.0043 
104.6128 0.0043 
104.8544 0.0042 
105.0960 0.0041 
105.3376 0.0041 
105.5792 0.0040 
105.8208 0.0039 
106.0624 0.0039 
106.3040 0.0038 
106.5456 0.0037 
106.7872 0.0037 
107.0288 0.0036 
107.2704 0.0035 
107.5120 0.0035 
107.7536 0.0034 
107.9952 0.0033 
108.2368 0.0033 
108.4784 0.0032 
108.7200 0.0031 
108.9616 0.0031 
109.2032 0.0030 
109.4448 0.0029 
109.6864 0.0029 
109.9280 0.0028 
110.1696 0.0028 
110.4112 0.0027 
110.6528 0.0026 
110.8944 0.0026 
111.1360 0.0025 
111.3776 0.0024 
111.6192 0.0024 
111.8608 0.0023 
112.1024 0.0022 
112.3440 0.0022 
112.5856 0.0021 
112.8272 0.0021 
113.0688 0.0020 
113.3104 0.0019 
113.5520 0.0019 
113.7936 0.0018 
114.0352 0.0018 
114.2768 0.0017 
114.5184 0.0016 
114.7600 0.0016 
115.0016 0.0015 
115.2432 0.0014 
115.4848 0.0014 
115.7264 0.0013 
115.9680 0.0013 
116.2096 0.0012 
116.4512 0.0011 
116.6928 0.0011 
116.9344 0.0010 
117.1760 0.0010 
117.4176 0.0009 
117.6592 0.0008 
117.9008 0.0008 
118.1424 0.0007 
118.3840 0.0007 
118.6256 0.0006 
118.8672 0.0005 
119.1088 0.0005 
119.3504 0.0004 
119.5920 0.0004 
119.8336 0.0003 
120.0752 0.0002 
120.3168 0.0002 
120.5584 0.0001 
120.8000 0.0001 
121.0416 0.0000 
