0.1984 0.3154 
0.3968 0.3154 
0.5952 0.3153 
0.7936 0.3152 
0.9920 0.3151 
1.1904 0.3150 
1.3888 0.3148 
1.5872 0.3146 
1.7856 0.3144 
1.9840 0.3141 
2.1824 0.3138 
2.3808 0.3135 
2.5792 0.3132 
2.7776 0.3128 
2.9760 0.3124 
3.1744 0.3119 
3.3728 0.3114 
3.5712 0.3109 
3.7696 0.3104 
3.9680 0.3098 
4.1664 0.3092 
4.3648 0.3086 
4.5632 0.3079 
4.7616 0.3072 
4.9600 0.3065 
5.1584 0.3058 
5.3568 0.3050 
5.5552 0.3042 
5.7536 0.3033 
5.9520 0.3024 
6.1504 0.3015 
6.3488 0.3006 
6.5472 0.2996 
6.7456 0.2986 
6.9440 0.2976 
7.1424 0.2965 
7.3408 0.2954 
7.5392 0.2943 
7.7376 0.2932 
7.9360 0.2920 
8.1344 0.2908 
8.3328 0.2895 
8.5312 0.2882 
8.7296 0.2869 
8.9280 0.2856 
9.1264 0.2842 
9.3248 0.2828 
9.5232 0.2814 
9.7216 0.2799 
9.9200 0.2784 
10.1184 0.2769 
10.3168 0.2753 
10.5152 0.2737 
10.7136 0.2721 
10.9120 0.2705 
11.1104 0.2688 
11.3088 0.2671 
11.5072 0.2653 
11.7056 0.2636 
11.9040 0.2618 
12.1024 0.2600 
12.3008 0.2581 
12.4992 0.2563 
12.6976 0.2545 
12.8960 0.2527 
13.0944 0.2509 
13.2928 0.2491 
13.4912 0.2473 
13.6896 0.2455 
13.8880 0.2437 
14.0864 0.2420 
14.2848 0.2402 
14.4832 0.2385 
14.6816 0.2368 
14.8800 0.2350 
15.0784 0.2333 
15.2768 0.2316 
15.4752 0.2299 
15.6736 0.2283 
15.8720 0.2266 
16.0704 0.2249 
16.2688 0.2233 
16.4672 0.2216 
16.6656 0.2200 
16.8640 0.2184 
17.0624 0.2168 
17.2608 0.2152 
17.4592 0.2136 
17.6576 0.2120 
17.8560 0.2104 
18.0544 0.2089 
18.2528 0.2073 
18.4512 0.2058 
18.6496 0.2042 
18.8480 0.2027 
19.0464 0.2012 
19.2448 0.1997 
19.4432 0.1982 
19.6416 0.1967 
19.8400 0.1952 
20.0384 0.1937 
20.2368 0.1923 
20.4352 0.1908 
20.6336 0.1894 
20.8320 0.1879 
21.0304 0.1865 
21.2288 0.1851 
21.4272 0.1837 
21.6256 0.1823 
21.8240 0.1809 
22.0224 0.1795 
22.2208 0.1781 
22.4192 0.1768 
22.6176 0.1754 
22.8160 0.1741 
23.0144 0.1727 
23.2128 0.1714 
23.4112 0.1701 
23.6096 0.1688 
23.8080 0.1675 
24.0064 0.1662 
24.2048 0.1649 
24.4032 0.1636 
24.6016 0.1623 
24.8000 0.1611 
24.9984 0.1598 
25.1968 0.1585 
25.3952 0.1573 
25.5936 0.1561 
25.7920 0.1549 
25.9904 0.1536 
26.1888 0.1524 
26.3872 0.1512 
26.5856 0.1500 
26.7840 0.1488 
26.9824 0.1477 
27.1808 0.1465 
27.3792 0.1453 
27.5776 0.1442 
27.7760 0.1430 
27.9744 0.1419 
28.1728 0.1408 
28.3712 0.1396 
28.5696 0.1385 
28.7680 0.1374 
28.9664 0.1363 
29.1648 0.1352 
29.3632 0.1341 
29.5616 0.1330 
29.7600 0.1320 
29.9584 0.1309 
30.1568 0.1298 
30.3552 0.1288 
30.5536 0.1277 
30.7520 0.1267 
30.9504 0.1257 
31.1488 0.1246 
31.3472 0.1236 
31.5456 0.1226 
31.7440 0.1216 
31.9424 0.1206 
32.1408 0.1196 
32.3392 0.1186 
32.5376 0.1177 
32.7360 0.1167 
32.9344 0.1157 
33.1328 0.1148 
33.3312 0.1138 
33.5296 0.1129 
33.7280 0.1119 
33.9264 0.1110 
34.1248 0.1101 
34.3232 0.1091 
34.5216 0.1082 
34.7200 0.1073 
34.9184 0.1064 
35.1168 0.1055 
35.3152 0.1046 
35.5136 0.1038 
35.7120 0.1029 
35.9104 0.1020 
36.1088 0.1011 
36.3072 0.1003 
36.5056 0.0994 
36.7040 0.0986 
36.9024 0.0978 
37.1008 0.0969 
37.2992 0.0961 
37.4976 0.0953 
37.6960 0.0944 
37.8944 0.0936 
38.0928 0.0928 
38.2912 0.0920 
38.4896 0.0912 
38.6880 0.0904 
38.8864 0.0897 
39.0848 0.0889 
39.2832 0.0881 
39.4816 0.0873 
39.6800 0.0866 
39.8784 0.0858 
40.0768 0.0851 
40.2752 0.0843 
40.4736 0.0836 
40.6720 0.0828 
40.8704 0.0821 
41.0688 0.0814 
41.2672 0.0807 
41.4656 0.0800 
41.6640 0.0792 
41.8624 0.0785 
42.0608 0.0778 
42.2592 0.0771 
42.4576 0.0764 
42.6560 0.0758 
42.8544 0.0751 
43.0528 0.0744 
43.2512 0.0737 
43.4496 0.0731 
43.6480 0.0724 
43.8464 0.0718 
44.0448 0.0711 
44.2432 0.0705 
44.4416 0.0698 
44.6400 0.0692 
44.8384 0.0685 
45.0368 0.0679 
45.2352 0.0673 
45.4336 0.0667 
45.6320 0.0661 
45.8304 0.0654 
46.0288 0.0648 
46.2272 0.0642 
46.4256 0.0636 
46.6240 0.0630 
46.8224 0.0625 
47.0208 0.0619 
47.2192 0.0613 
47.4176 0.0607 
47.6160 0.0602 
47.8144 0.0596 
48.0128 0.0590 
48.2112 0.0585 
48.4096 0.0579 
48.6080 0.0574 
48.8064 0.0568 
49.0048 0.0563 
49.2032 0.0557 
49.4016 0.0552 
49.6000 0.0547 
49.7984 0.0541 
49.9968 0.0536 
50.1952 0.0531 
50.3936 0.0526 
50.5920 0.0521 
50.7904 0.0516 
50.9888 0.0511 
51.1872 0.0506 
51.3856 0.0501 
51.5840 0.0496 
51.7824 0.0491 
51.9808 0.0486 
52.1792 0.0481 
52.3776 0.0476 
52.5760 0.0472 
52.7744 0.0467 
52.9728 0.0462 
53.1712 0.0458 
53.3696 0.0453 
53.5680 0.0449 
53.7664 0.0444 
53.9648 0.0440 
54.1632 0.0435 
54.3616 0.0431 
54.5600 0.0426 
54.7584 0.0422 
54.9568 0.0418 
55.1552 0.0413 
55.3536 0.0409 
55.5520 0.0405 
55.7504 0.0401 
55.9488 0.0397 
56.1472 0.0393 
56.3456 0.0389 
56.5440 0.0384 
56.7424 0.0380 
56.9408 0.0377 
57.1392 0.0373 
57.3376 0.0369 
57.5360 0.0365 
57.7344 0.0361 
57.9328 0.0357 
58.1312 0.0353 
58.3296 0.0350 
58.5280 0.0346 
58.7264 0.0342 
58.9248 0.0338 
59.1232 0.0335 
59.3216 0.0331 
59.5200 0.0328 
59.7184 0.0324 
59.9168 0.0321 
60.1152 0.0317 
60.3136 0.0314 
60.5120 0.0310 
60.7104 0.0307 
60.9088 0.0303 
61.1072 0.0300 
61.3056 0.0297 
61.5040 0.0294 
61.7024 0.0290 
61.9008 0.0287 
62.0992 0.0284 
62.2976 0.0281 
62.4960 0.0278 
62.6944 0.0274 
62.8928 0.0271 
63.0912 0.0268 
63.2896 0.0265 
63.4880 0.0262 
63.6864 0.0259 
63.8848 0.0256 
64.0832 0.0253 
64.2816 0.0251 
64.4800 0.0248 
64.6784 0.0245 
64.8768 0.0242 
65.0752 0.0239 
65.2736 0.0236 
65.4720 0.0234 
65.6704 0.0231 
65.8688 0.0228 
66.0672 0.0226 
66.2656 0.0223 
66.4640 0.0220 
66.6624 0.0218 
66.8608 0.0215 
67.0592 0.0213 
67.2576 0.0210 
67.4560 0.0208 
67.6544 0.0205 
67.8528 0.0203 
68.0512 0.0200 
68.2496 0.0198 
68.4480 0.0196 
68.6464 0.0193 
68.8448 0.0191 
69.0432 0.0189 
69.2416 0.0186 
69.4400 0.0184 
69.6384 0.0182 
69.8368 0.0180 
70.0352 0.0177 
70.2336 0.0175 
70.4320 0.0173 
70.6304 0.0171 
70.8288 0.0169 
71.0272 0.0167 
71.2256 0.0165 
71.4240 0.0163 
71.6224 0.0161 
71.8208 0.0159 
72.0192 0.0157 
72.2176 0.0155 
72.4160 0.0153 
72.6144 0.0151 
72.8128 0.0149 
73.0112 0.0147 
73.2096 0.0145 
73.4080 0.0143 
73.6064 0.0142 
73.8048 0.0140 
74.0032 0.0138 
74.2016 0.0136 
74.4000 0.0135 
74.5984 0.0133 
74.7968 0.0131 
74.9952 0.0129 
75.1936 0.0128 
75.3920 0.0126 
75.5904 0.0125 
75.7888 0.0123 
75.9872 0.0121 
76.1856 0.0120 
76.3840 0.0118 
76.5824 0.0117 
76.7808 0.0115 
76.9792 0.0114 
77.1776 0.0112 
77.3760 0.0111 
77.5744 0.0109 
77.7728 0.0108 
77.9712 0.0107 
78.1696 0.0105 
78.3680 0.0104 
78.5664 0.0103 
78.7648 0.0101 
78.9632 0.0100 
79.1616 0.0099 
79.3600 0.0097 
79.5584 0.0096 
79.7568 0.0095 
79.9552 0.0094 
80.1536 0.0092 
80.3520 0.0091 
80.5504 0.0090 
80.7488 0.0089 
80.9472 0.0088 
81.1456 0.0086 
81.3440 0.0085 
81.5424 0.0084 
81.7408 0.0083 
81.9392 0.0082 
82.1376 0.0081 
82.3360 0.0080 
82.5344 0.0079 
82.7328 0.0078 
82.9312 0.0077 
83.1296 0.0076 
83.3280 0.0075 
83.5264 0.0073 
83.7248 0.0072 
83.9232 0.0071 
84.1216 0.0070 
84.3200 0.0069 
84.5184 0.0068 
84.7168 0.0067 
84.9152 0.0066 
85.1136 0.0065 
85.3120 0.0064 
85.5104 0.0063 
85.7088 0.0062 
85.9072 0.0061 
86.1056 0.0061 
86.3040 0.0060 
86.5024 0.0059 
86.7008 0.0058 
86.8992 0.0057 
87.0976 0.0056 
87.2960 0.0055 
87.4944 0.0054 
87.6928 0.0053 
87.8912 0.0052 
88.0896 0.0051 
88.2880 0.0050 
88.4864 0.0049 
88.6848 0.0048 
88.8832 0.0047 
89.0816 0.0046 
89.2800 0.0045 
89.4784 0.0044 
89.6768 0.0044 
89.8752 0.0043 
90.0736 0.0042 
90.2720 0.0041 
90.4704 0.0040 
90.6688 0.0039 
90.8672 0.0038 
91.0656 0.0037 
91.2640 0.0036 
91.4624 0.0035 
91.6608 0.0034 
91.8592 0.0034 
92.0576 0.0033 
92.2560 0.0032 
92.4544 0.0031 
92.6528 0.0030 
92.8512 0.0029 
93.0496 0.0028 
93.2480 0.0027 
93.4464 0.0026 
93.6448 0.0025 
93.8432 0.0025 
94.0416 0.0024 
94.2400 0.0023 
94.4384 0.0022 
94.6368 0.0021 
94.8352 0.0020 
95.0336 0.0019 
95.2320 0.0018 
95.4304 0.0018 
95.6288 0.0017 
95.8272 0.0016 
96.0256 0.0015 
96.2240 0.0014 
96.4224 0.0013 
96.6208 0.0012 
96.8192 0.0011 
97.0176 0.0010 
97.2160 0.0010 
97.4144 0.0009 
97.6128 0.0008 
97.8112 0.0007 
98.0096 0.0006 
98.2080 0.0005 
98.4064 0.0004 
98.6048 0.0003 
98.8032 0.0003 
99.0016 0.0002 
99.2000 0.0001 
99.3984 0.0000 
