0.0976 0.1322 
0.1952 0.1322 
0.2928 0.1322 
0.3904 0.1322 
0.4880 0.1322 
0.5856 0.1321 
0.6832 0.1321 
0.7808 0.1320 
0.8784 0.1320 
0.9760 0.1319 
1.0736 0.1318 
1.1712 0.1317 
1.2688 0.1316 
1.3664 0.1315 
1.4640 0.1314 
1.5616 0.1313 
1.6592 0.1312 
1.7568 0.1310 
1.8544 0.1309 
1.9520 0.1307 
2.0496 0.1306 
2.1472 0.1304 
2.2448 0.1302 
2.3424 0.1301 
2.4400 0.1299 
2.5376 0.1297 
2.6352 0.1294 
2.7328 0.1292 
2.8304 0.1290 
2.9280 0.1288 
3.0256 0.1285 
3.1232 0.1283 
3.2208 0.1280 
3.3184 0.1277 
3.4160 0.1275 
3.5136 0.1272 
3.6112 0.1269 
3.7088 0.1266 
3.8064 0.1263 
3.9040 0.1260 
4.0016 0.1256 
4.0992 0.1253 
4.1968 0.1250 
4.2944 0.1246 
4.3920 0.1242 
4.4896 0.1239 
4.5872 0.1235 
4.6848 0.1231 
4.7824 0.1227 
4.8800 0.1223 
4.9776 0.1219 
5.0752 0.1215 
5.1728 0.1211 
5.2704 0.1206 
5.3680 0.1202 
5.4656 0.1197 
5.5632 0.1193 
5.6608 0.1188 
5.7584 0.1183 
5.8560 0.1179 
5.9536 0.1174 
6.0512 0.1169 
6.1488 0.1164 
6.2464 0.1159 
6.3440 0.1154 
6.4416 0.1149 
6.5392 0.1144 
6.6368 0.1139 
6.7344 0.1135 
6.8320 0.1130 
6.9296 0.1125 
7.0272 0.1120 
7.1248 0.1115 
7.2224 0.1111 
7.3200 0.1106 
7.4176 0.1101 
7.5152 0.1096 
7.6128 0.1092 
7.7104 0.1087 
7.8080 0.1082 
7.9056 0.1078 
8.0032 0.1073 
8.1008 0.1068 
8.1984 0.1064 
8.2960 0.1059 
8.3936 0.1054 
8.4912 0.1050 
8.5888 0.1045 
8.6864 0.1041 
8.7840 0.1036 
8.8816 0.1032 
8.9792 0.1027 
9.0768 0.1023 
9.1744 0.1018 
9.2720 0.1014 
9.3696 0.1009 
9.4672 0.1005 
9.5648 0.1000 
9.6624 0.0996 
9.7600 0.0992 
9.8576 0.0987 
9.9552 0.0983 
10.0528 0.0978 
10.1504 0.0974 
10.2480 0.0970 
10.3456 0.0965 
10.4432 0.0961 
10.5408 0.0957 
10.6384 0.0953 
10.7360 0.0948 
10.8336 0.0944 
10.9312 0.0940 
11.0288 0.0936 
11.1264 0.0931 
11.2240 0.0927 
11.3216 0.0923 
11.4192 0.0919 
11.5168 0.0915 
11.6144 0.0911 
11.7120 0.0907 
11.8096 0.0902 
11.9072 0.0898 
12.0048 0.0894 
12.1024 0.0890 
12.2000 0.0886 
12.2976 0.0882 
12.3952 0.0878 
12.4928 0.0874 
12.5904 0.0870 
12.6880 0.0866 
12.7856 0.0862 
12.8832 0.0858 
12.9808 0.0854 
13.0784 0.0850 
13.1760 0.0846 
13.2736 0.0842 
13.3712 0.0839 
13.4688 0.0835 
13.5664 0.0831 
13.6640 0.0827 
13.7616 0.0823 
13.8592 0.0819 
13.9568 0.0815 
14.0544 0.0812 
14.1520 0.0808 
14.2496 0.0804 
14.3472 0.0800 
14.4448 0.0797 
14.5424 0.0793 
14.6400 0.0789 
14.7376 0.0785 
14.8352 0.0782 
14.9328 0.0778 
15.0304 0.0774 
15.1280 0.0771 
15.2256 0.0767 
15.3232 0.0763 
15.4208 0.0760 
15.5184 0.0756 
15.6160 0.0752 
15.7136 0.0749 
15.8112 0.0745 
15.9088 0.0742 
16.0064 0.0738 
16.1040 0.0734 
16.2016 0.0731 
16.2992 0.0727 
16.3968 0.0724 
16.4944 0.0720 
16.5920 0.0717 
16.6896 0.0713 
16.7872 0.0710 
16.8848 0.0706 
16.9824 0.0703 
17.0800 0.0699 
17.1776 0.0696 
17.2752 0.0693 
17.3728 0.0689 
17.4704 0.0686 
17.5680 0.0682 
17.6656 0.0679 
17.7632 0.0676 
17.8608 0.0672 
17.9584 0.0669 
18.0560 0.0666 
18.1536 0.0662 
18.2512 0.0659 
18.3488 0.0656 
18.4464 0.0652 
18.5440 0.0649 
18.6416 0.0646 
18.7392 0.0643 
18.8368 0.0639 
18.9344 0.0636 
19.0320 0.0633 
19.1296 0.0630 
19.2272 0.0627 
19.3248 0.0623 
19.4224 0.0620 
19.5200 0.0617 
19.6176 0.0614 
19.7152 0.0611 
19.8128 0.0608 
19.9104 0.0604 
20.0080 0.0601 
20.1056 0.0598 
20.2032 0.0595 
20.3008 0.0592 
20.3984 0.0589 
20.4960 0.0586 
20.5936 0.0583 
20.6912 0.0580 
20.7888 0.0577 
20.8864 0.0574 
20.9840 0.0571 
21.0816 0.0568 
21.1792 0.0565 
21.2768 0.0562 
21.3744 0.0559 
21.4720 0.0556 
21.5696 0.0553 
21.6672 0.0550 
21.7648 0.0547 
21.8624 0.0544 
21.9600 0.0541 
22.0576 0.0538 
22.1552 0.0535 
22.2528 0.0532 
22.3504 0.0529 
22.4480 0.0526 
22.5456 0.0524 
22.6432 0.0521 
22.7408 0.0518 
22.8384 0.0515 
22.9360 0.0512 
23.0336 0.0509 
23.1312 0.0507 
23.2288 0.0504 
23.3264 0.0501 
23.4240 0.0498 
23.5216 0.0495 
23.6192 0.0493 
23.7168 0.0490 
23.8144 0.0487 
23.9120 0.0484 
24.0096 0.0482 
24.1072 0.0479 
24.2048 0.0476 
24.3024 0.0474 
24.4000 0.0471 
24.4976 0.0468 
24.5952 0.0466 
24.6928 0.0463 
24.7904 0.0460 
24.8880 0.0458 
24.9856 0.0455 
25.0832 0.0452 
25.1808 0.0450 
25.2784 0.0447 
25.3760 0.0444 
25.4736 0.0442 
25.5712 0.0439 
25.6688 0.0437 
25.7664 0.0434 
25.8640 0.0432 
25.9616 0.0429 
26.0592 0.0426 
26.1568 0.0424 
26.2544 0.0421 
26.3520 0.0419 
26.4496 0.0416 
26.5472 0.0414 
26.6448 0.0411 
26.7424 0.0409 
26.8400 0.0406 
26.9376 0.0404 
27.0352 0.0401 
27.1328 0.0399 
27.2304 0.0396 
27.3280 0.0394 
27.4256 0.0392 
27.5232 0.0389 
27.6208 0.0387 
27.7184 0.0384 
27.8160 0.0382 
27.9136 0.0380 
28.0112 0.0377 
28.1088 0.0375 
28.2064 0.0372 
28.3040 0.0370 
28.4016 0.0368 
28.4992 0.0365 
28.5968 0.0363 
28.6944 0.0361 
28.7920 0.0358 
28.8896 0.0356 
28.9872 0.0354 
29.0848 0.0351 
29.1824 0.0349 
29.2800 0.0347 
29.3776 0.0345 
29.4752 0.0342 
29.5728 0.0340 
29.6704 0.0338 
29.7680 0.0336 
29.8656 0.0333 
29.9632 0.0331 
30.0608 0.0329 
30.1584 0.0327 
30.2560 0.0324 
30.3536 0.0322 
30.4512 0.0320 
30.5488 0.0318 
30.6464 0.0316 
30.7440 0.0313 
30.8416 0.0311 
30.9392 0.0309 
31.0368 0.0307 
31.1344 0.0305 
31.2320 0.0303 
31.3296 0.0300 
31.4272 0.0298 
31.5248 0.0296 
31.6224 0.0294 
31.7200 0.0292 
31.8176 0.0290 
31.9152 0.0288 
32.0128 0.0286 
32.1104 0.0284 
32.2080 0.0282 
32.3056 0.0280 
32.4032 0.0277 
32.5008 0.0275 
32.5984 0.0273 
32.6960 0.0271 
32.7936 0.0269 
32.8912 0.0267 
32.9888 0.0265 
33.0864 0.0263 
33.1840 0.0261 
33.2816 0.0259 
33.3792 0.0257 
33.4768 0.0255 
33.5744 0.0253 
33.6720 0.0251 
33.7696 0.0249 
33.8672 0.0247 
33.9648 0.0245 
34.0624 0.0243 
34.1600 0.0241 
34.2576 0.0240 
34.3552 0.0238 
34.4528 0.0236 
34.5504 0.0234 
34.6480 0.0232 
34.7456 0.0230 
34.8432 0.0228 
34.9408 0.0226 
35.0384 0.0224 
35.1360 0.0222 
35.2336 0.0221 
35.3312 0.0219 
35.4288 0.0217 
35.5264 0.0215 
35.6240 0.0213 
35.7216 0.0211 
35.8192 0.0209 
35.9168 0.0208 
36.0144 0.0206 
36.1120 0.0204 
36.2096 0.0202 
36.3072 0.0200 
36.4048 0.0198 
36.5024 0.0197 
36.6000 0.0195 
36.6976 0.0193 
36.7952 0.0191 
36.8928 0.0190 
36.9904 0.0188 
37.0880 0.0186 
37.1856 0.0184 
37.2832 0.0182 
37.3808 0.0181 
37.4784 0.0179 
37.5760 0.0177 
37.6736 0.0175 
37.7712 0.0174 
37.8688 0.0172 
37.9664 0.0170 
38.0640 0.0169 
38.1616 0.0167 
38.2592 0.0165 
38.3568 0.0164 
38.4544 0.0162 
38.5520 0.0160 
38.6496 0.0158 
38.7472 0.0157 
38.8448 0.0155 
38.9424 0.0153 
39.0400 0.0152 
39.1376 0.0150 
39.2352 0.0148 
39.3328 0.0147 
39.4304 0.0145 
39.5280 0.0144 
39.6256 0.0142 
39.7232 0.0140 
39.8208 0.0139 
39.9184 0.0137 
40.0160 0.0135 
40.1136 0.0134 
40.2112 0.0132 
40.3088 0.0131 
40.4064 0.0129 
40.5040 0.0127 
40.6016 0.0126 
40.6992 0.0124 
40.7968 0.0123 
40.8944 0.0121 
40.9920 0.0120 
41.0896 0.0118 
41.1872 0.0116 
41.2848 0.0115 
41.3824 0.0113 
41.4800 0.0112 
41.5776 0.0110 
41.6752 0.0109 
41.7728 0.0107 
41.8704 0.0106 
41.9680 0.0104 
42.0656 0.0103 
42.1632 0.0101 
42.2608 0.0099 
42.3584 0.0098 
42.4560 0.0096 
42.5536 0.0095 
42.6512 0.0093 
42.7488 0.0092 
42.8464 0.0090 
42.9440 0.0089 
43.0416 0.0087 
43.1392 0.0086 
43.2368 0.0084 
43.3344 0.0083 
43.4320 0.0081 
43.5296 0.0080 
43.6272 0.0078 
43.7248 0.0077 
43.8224 0.0075 
43.9200 0.0074 
44.0176 0.0073 
44.1152 0.0071 
44.2128 0.0070 
44.3104 0.0068 
44.4080 0.0067 
44.5056 0.0065 
44.6032 0.0064 
44.7008 0.0062 
44.7984 0.0061 
44.8960 0.0059 
44.9936 0.0058 
45.0912 0.0056 
45.1888 0.0055 
45.2864 0.0053 
45.3840 0.0052 
45.4816 0.0051 
45.5792 0.0049 
45.6768 0.0048 
45.7744 0.0046 
45.8720 0.0045 
45.9696 0.0043 
46.0672 0.0042 
46.1648 0.0040 
46.2624 0.0039 
46.3600 0.0037 
46.4576 0.0036 
46.5552 0.0035 
46.6528 0.0033 
46.7504 0.0032 
46.8480 0.0030 
46.9456 0.0029 
47.0432 0.0027 
47.1408 0.0026 
47.2384 0.0024 
47.3360 0.0023 
47.4336 0.0022 
47.5312 0.0020 
47.6288 0.0019 
47.7264 0.0017 
47.8240 0.0016 
47.9216 0.0014 
48.0192 0.0013 
48.1168 0.0012 
48.2144 0.0010 
48.3120 0.0009 
48.4096 0.0007 
48.5072 0.0006 
48.6048 0.0004 
48.7024 0.0003 
48.8000 0.0001 
48.8976 0.0000 
