0.1840 0.2875 
0.3680 0.2875 
0.5520 0.2875 
0.7360 0.2874 
0.9200 0.2873 
1.1040 0.2872 
1.2880 0.2871 
1.4720 0.2869 
1.6560 0.2867 
1.8400 0.2865 
2.0240 0.2862 
2.2080 0.2859 
2.3920 0.2856 
2.5760 0.2853 
2.7600 0.2849 
2.9440 0.2845 
3.1280 0.2841 
3.3120 0.2837 
3.4960 0.2832 
3.6800 0.2827 
3.8640 0.2822 
4.0480 0.2816 
4.2320 0.2811 
4.4160 0.2805 
4.6000 0.2798 
4.7840 0.2792 
4.9680 0.2785 
5.1520 0.2778 
5.3360 0.2771 
5.5200 0.2763 
5.7040 0.2755 
5.8880 0.2747 
6.0720 0.2739 
6.2560 0.2730 
6.4400 0.2721 
6.6240 0.2712 
6.8080 0.2702 
6.9920 0.2692 
7.1760 0.2682 
7.3600 0.2672 
7.5440 0.2662 
7.7280 0.2651 
7.9120 0.2640 
8.0960 0.2628 
8.2800 0.2617 
8.4640 0.2605 
8.6480 0.2592 
8.8320 0.2580 
9.0160 0.2567 
9.2000 0.2554 
9.3840 0.2541 
9.5680 0.2527 
9.7520 0.2514 
9.9360 0.2499 
10.1200 0.2485 
10.3040 0.2470 
10.4880 0.2456 
10.6720 0.2440 
10.8560 0.2425 
11.0400 0.2410 
11.2240 0.2394 
11.4080 0.2378 
11.5920 0.2362 
11.7760 0.2346 
11.9600 0.2331 
12.1440 0.2315 
12.3280 0.2299 
12.5120 0.2284 
12.6960 0.2268 
12.8800 0.2253 
13.0640 0.2237 
13.2480 0.2222 
13.4320 0.2207 
13.6160 0.2192 
13.8000 0.2177 
13.9840 0.2162 
14.1680 0.2147 
14.3520 0.2132 
14.5360 0.2118 
14.7200 0.2103 
14.9040 0.2089 
15.0880 0.2074 
15.2720 0.2060 
15.4560 0.2046 
15.6400 0.2031 
15.8240 0.2017 
16.0080 0.2003 
16.1920 0.1989 
16.3760 0.1975 
16.5600 0.1962 
16.7440 0.1948 
16.9280 0.1934 
17.1120 0.1921 
17.2960 0.1907 
17.4800 0.1894 
17.6640 0.1881 
17.8480 0.1867 
18.0320 0.1854 
18.2160 0.1841 
18.4000 0.1828 
18.5840 0.1815 
18.7680 0.1802 
18.9520 0.1789 
19.1360 0.1777 
19.3200 0.1764 
19.5040 0.1751 
19.6880 0.1739 
19.8720 0.1727 
20.0560 0.1714 
20.2400 0.1702 
20.4240 0.1690 
20.6080 0.1678 
20.7920 0.1666 
20.9760 0.1654 
21.1600 0.1642 
21.3440 0.1630 
21.5280 0.1618 
21.7120 0.1606 
21.8960 0.1595 
22.0800 0.1583 
22.2640 0.1572 
22.4480 0.1560 
22.6320 0.1549 
22.8160 0.1537 
23.0000 0.1526 
23.1840 0.1515 
23.3680 0.1504 
23.5520 0.1493 
23.7360 0.1482 
23.9200 0.1471 
24.1040 0.1460 
24.2880 0.1449 
24.4720 0.1439 
24.6560 0.1428 
24.8400 0.1417 
25.0240 0.1407 
25.2080 0.1397 
25.3920 0.1386 
25.5760 0.1376 
25.7600 0.1366 
25.9440 0.1355 
26.1280 0.1345 
26.3120 0.1335 
26.4960 0.1325 
26.6800 0.1315 
26.8640 0.1305 
27.0480 0.1296 
27.2320 0.1286 
27.4160 0.1276 
27.6000 0.1266 
27.7840 0.1257 
27.9680 0.1247 
28.1520 0.1238 
28.3360 0.1228 
28.5200 0.1219 
28.7040 0.1210 
28.8880 0.1201 
29.0720 0.1191 
29.2560 0.1182 
29.4400 0.1173 
29.6240 0.1164 
29.8080 0.1155 
29.9920 0.1146 
30.1760 0.1138 
30.3600 0.1129 
30.5440 0.1120 
30.7280 0.1111 
30.9120 0.1103 
31.0960 0.1094 
31.2800 0.1086 
31.4640 0.1077 
31.6480 0.1069 
31.8320 0.1060 
32.0160 0.1052 
32.2000 0.1044 
32.3840 0.1036 
32.5680 0.1028 
32.7520 0.1020 
32.9360 0.1012 
33.1200 0.1004 
33.3040 0.0996 
33.4880 0.0988 
33.6720 0.0980 
33.8560 0.0972 
34.0400 0.0964 
34.2240 0.0957 
34.4080 0.0949 
34.5920 0.0941 
34.7760 0.0934 
34.9600 0.0926 
35.1440 0.0919 
35.3280 0.0912 
35.5120 0.0904 
35.6960 0.0897 
35.8800 0.0890 
36.0640 0.0883 
36.2480 0.0875 
36.4320 0.0868 
36.6160 0.0861 
36.8000 0.0854 
36.9840 0.0847 
37.1680 0.0840 
37.3520 0.0833 
37.5360 0.0827 
37.7200 0.0820 
37.9040 0.0813 
38.0880 0.0806 
38.2720 0.0800 
38.4560 0.0793 
38.6400 0.0787 
38.8240 0.0780 
39.0080 0.0774 
39.1920 0.0767 
39.3760 0.0761 
39.5600 0.0754 
39.7440 0.0748 
39.9280 0.0742 
40.1120 0.0736 
40.2960 0.0729 
40.4800 0.0723 
40.6640 0.0717 
40.8480 0.0711 
41.0320 0.0705 
41.2160 0.0699 
41.4000 0.0693 
41.5840 0.0687 
41.7680 0.0681 
41.9520 0.0676 
42.1360 0.0670 
42.3200 0.0664 
42.5040 0.0658 
42.6880 0.0653 
42.8720 0.0647 
43.0560 0.0641 
43.2400 0.0636 
43.4240 0.0630 
43.6080 0.0625 
43.7920 0.0619 
43.9760 0.0614 
44.1600 0.0609 
44.3440 0.0603 
44.5280 0.0598 
44.7120 0.0593 
44.8960 0.0587 
45.0800 0.0582 
45.2640 0.0577 
45.4480 0.0572 
45.6320 0.0567 
45.8160 0.0562 
46.0000 0.0557 
46.1840 0.0552 
46.3680 0.0547 
46.5520 0.0542 
46.7360 0.0537 
46.9200 0.0532 
47.1040 0.0527 
47.2880 0.0523 
47.4720 0.0518 
47.6560 0.0513 
47.8400 0.0509 
48.0240 0.0504 
48.2080 0.0499 
48.3920 0.0495 
48.5760 0.0490 
48.7600 0.0486 
48.9440 0.0481 
49.1280 0.0477 
49.3120 0.0472 
49.4960 0.0468 
49.6800 0.0464 
49.8640 0.0459 
50.0480 0.0455 
50.2320 0.0451 
50.4160 0.0446 
50.6000 0.0442 
50.7840 0.0438 
50.9680 0.0434 
51.1520 0.0430 
51.3360 0.0426 
51.5200 0.0422 
51.7040 0.0418 
51.8880 0.0414 
52.0720 0.0410 
52.2560 0.0406 
52.4400 0.0402 
52.6240 0.0398 
52.8080 0.0394 
52.9920 0.0390 
53.1760 0.0386 
53.3600 0.0383 
53.5440 0.0379 
53.7280 0.0375 
53.9120 0.0371 
54.0960 0.0368 
54.2800 0.0364 
54.4640 0.0361 
54.6480 0.0357 
54.8320 0.0353 
55.0160 0.0350 
55.2000 0.0346 
55.3840 0.0343 
55.5680 0.0340 
55.7520 0.0336 
55.9360 0.0333 
56.1200 0.0329 
56.3040 0.0326 
56.4880 0.0323 
56.6720 0.0319 
56.8560 0.0316 
57.0400 0.0313 
57.2240 0.0310 
57.4080 0.0306 
57.5920 0.0303 
57.7760 0.0300 
57.9600 0.0297 
58.1440 0.0294 
58.3280 0.0291 
58.5120 0.0288 
58.6960 0.0285 
58.8800 0.0282 
59.0640 0.0279 
59.2480 0.0276 
59.4320 0.0273 
59.6160 0.0270 
59.8000 0.0267 
59.9840 0.0264 
60.1680 0.0262 
60.3520 0.0259 
60.5360 0.0256 
60.7200 0.0253 
60.9040 0.0250 
61.0880 0.0248 
61.2720 0.0245 
61.4560 0.0242 
61.6400 0.0240 
61.8240 0.0237 
62.0080 0.0235 
62.1920 0.0232 
62.3760 0.0229 
62.5600 0.0227 
62.7440 0.0224 
62.9280 0.0222 
63.1120 0.0219 
63.2960 0.0217 
63.4800 0.0214 
63.6640 0.0212 
63.8480 0.0210 
64.0320 0.0207 
64.2160 0.0205 
64.4000 0.0203 
64.5840 0.0200 
64.7680 0.0198 
64.9520 0.0196 
65.1360 0.0193 
65.3200 0.0191 
65.5040 0.0189 
65.6880 0.0187 
65.8720 0.0185 
66.0560 0.0183 
66.2400 0.0180 
66.4240 0.0178 
66.6080 0.0176 
66.7920 0.0174 
66.9760 0.0172 
67.1600 0.0170 
67.3440 0.0168 
67.5280 0.0166 
67.7120 0.0164 
67.8960 0.0162 
68.0800 0.0160 
68.2640 0.0158 
68.4480 0.0156 
68.6320 0.0154 
68.8160 0.0153 
69.0000 0.0151 
69.1840 0.0149 
69.3680 0.0147 
69.5520 0.0145 
69.7360 0.0144 
69.9200 0.0142 
70.1040 0.0140 
70.2880 0.0138 
70.4720 0.0137 
70.6560 0.0135 
70.8400 0.0133 
71.0240 0.0132 
71.2080 0.0130 
71.3920 0.0128 
71.5760 0.0127 
71.7600 0.0125 
71.9440 0.0123 
72.1280 0.0122 
72.3120 0.0120 
72.4960 0.0119 
72.6800 0.0117 
72.8640 0.0116 
73.0480 0.0114 
73.2320 0.0113 
73.4160 0.0111 
73.6000 0.0110 
73.7840 0.0109 
73.9680 0.0107 
74.1520 0.0106 
74.3360 0.0104 
74.5200 0.0103 
74.7040 0.0102 
74.8880 0.0100 
75.0720 0.0099 
75.2560 0.0098 
75.4400 0.0096 
75.6240 0.0095 
75.8080 0.0094 
75.9920 0.0093 
76.1760 0.0091 
76.3600 0.0090 
76.5440 0.0089 
76.7280 0.0088 
76.9120 0.0087 
77.0960 0.0085 
77.2800 0.0084 
77.4640 0.0083 
77.6480 0.0082 
77.8320 0.0081 
78.0160 0.0080 
78.2000 0.0078 
78.3840 0.0077 
78.5680 0.0076 
78.7520 0.0075 
78.9360 0.0074 
79.1200 0.0073 
79.3040 0.0072 
79.4880 0.0071 
79.6720 0.0069 
79.8560 0.0068 
80.0400 0.0067 
80.2240 0.0066 
80.4080 0.0065 
80.5920 0.0064 
80.7760 0.0063 
80.9600 0.0062 
81.1440 0.0061 
81.3280 0.0060 
81.5120 0.0059 
81.6960 0.0058 
81.8800 0.0057 
82.0640 0.0055 
82.2480 0.0054 
82.4320 0.0053 
82.6160 0.0052 
82.8000 0.0051 
82.9840 0.0050 
83.1680 0.0049 
83.3520 0.0048 
83.5360 0.0047 
83.7200 0.0046 
83.9040 0.0045 
84.0880 0.0044 
84.2720 0.0043 
84.4560 0.0042 
84.6400 0.0041 
84.8240 0.0040 
85.0080 0.0039 
85.1920 0.0038 
85.3760 0.0037 
85.5600 0.0036 
85.7440 0.0035 
85.9280 0.0034 
86.1120 0.0033 
86.2960 0.0032 
86.4800 0.0031 
86.6640 0.0030 
86.8480 0.0029 
87.0320 0.0028 
87.2160 0.0027 
87.4000 0.0026 
87.5840 0.0025 
87.7680 0.0024 
87.9520 0.0023 
88.1360 0.0022 
88.3200 0.0021 
88.5040 0.0020 
88.6880 0.0019 
88.8720 0.0018 
89.0560 0.0017 
89.2400 0.0016 
89.4240 0.0015 
89.6080 0.0014 
89.7920 0.0013 
89.9760 0.0012 
90.1600 0.0011 
90.3440 0.0010 
90.5280 0.0009 
90.7120 0.0008 
90.8960 0.0007 
91.0800 0.0006 
91.2640 0.0005 
91.4480 0.0004 
91.6320 0.0003 
91.8160 0.0002 
92.0000 0.0001 
92.1840 0.0000 
