0.1264 0.1828 
0.2528 0.1828 
0.3792 0.1828 
0.5056 0.1827 
0.6320 0.1827 
0.7584 0.1826 
0.8848 0.1826 
1.0112 0.1825 
1.1376 0.1824 
1.2640 0.1823 
1.3904 0.1821 
1.5168 0.1820 
1.6432 0.1819 
1.7696 0.1817 
1.8960 0.1815 
2.0224 0.1813 
2.1488 0.1811 
2.2752 0.1809 
2.4016 0.1807 
2.5280 0.1804 
2.6544 0.1801 
2.7808 0.1799 
2.9072 0.1796 
3.0336 0.1793 
3.1600 0.1790 
3.2864 0.1786 
3.4128 0.1783 
3.5392 0.1780 
3.6656 0.1776 
3.7920 0.1772 
3.9184 0.1768 
4.0448 0.1764 
4.1712 0.1760 
4.2976 0.1756 
4.4240 0.1751 
4.5504 0.1746 
4.6768 0.1742 
4.8032 0.1737 
4.9296 0.1732 
5.0560 0.1727 
5.1824 0.1721 
5.3088 0.1716 
5.4352 0.1710 
5.5616 0.1705 
5.6880 0.1699 
5.8144 0.1693 
5.9408 0.1687 
6.0672 0.1681 
6.1936 0.1674 
6.3200 0.1668 
6.4464 0.1661 
6.5728 0.1655 
6.6992 0.1648 
6.8256 0.1641 
6.9520 0.1633 
7.0784 0.1626 
7.2048 0.1619 
7.3312 0.1611 
7.4576 0.1604 
7.5840 0.1596 
7.7104 0.1588 
7.8368 0.1580 
7.9632 0.1572 
8.0896 0.1564 
8.2160 0.1556 
8.3424 0.1549 
8.4688 0.1541 
8.5952 0.1533 
8.7216 0.1525 
8.8480 0.1517 
8.9744 0.1510 
9.1008 0.1502 
9.2272 0.1494 
9.3536 0.1486 
9.4800 0.1479 
9.6064 0.1471 
9.7328 0.1464 
9.8592 0.1456 
9.9856 0.1449 
10.1120 0.1441 
10.2384 0.1434 
10.3648 0.1426 
10.4912 0.1419 
10.6176 0.1412 
10.7440 0.1404 
10.8704 0.1397 
10.9968 0.1390 
11.1232 0.1383 
11.2496 0.1375 
11.3760 0.1368 
11.5024 0.1361 
11.6288 0.1354 
11.7552 0.1347 
11.8816 0.1340 
12.0080 0.1333 
12.1344 0.1326 
12.2608 0.1319 
12.3872 0.1312 
12.5136 0.1305 
12.6400 0.1298 
12.7664 0.1292 
12.8928 0.1285 
13.0192 0.1278 
13.1456 0.1271 
13.2720 0.1264 
13.3984 0.1258 
13.5248 0.1251 
13.6512 0.1244 
13.7776 0.1238 
13.9040 0.1231 
14.0304 0.1225 
14.1568 0.1218 
14.2832 0.1212 
14.4096 0.1205 
14.5360 0.1199 
14.6624 0.1192 
14.7888 0.1186 
14.9152 0.1180 
15.0416 0.1173 
15.1680 0.1167 
15.2944 0.1161 
15.4208 0.1154 
15.5472 0.1148 
15.6736 0.1142 
15.8000 0.1136 
15.9264 0.1130 
16.0528 0.1123 
16.1792 0.1117 
16.3056 0.1111 
16.4320 0.1105 
16.5584 0.1099 
16.6848 0.1093 
16.8112 0.1087 
16.9376 0.1081 
17.0640 0.1075 
17.1904 0.1069 
17.3168 0.1064 
17.4432 0.1058 
17.5696 0.1052 
17.6960 0.1046 
17.8224 0.1040 
17.9488 0.1035 
18.0752 0.1029 
18.2016 0.1023 
18.3280 0.1018 
18.4544 0.1012 
18.5808 0.1006 
18.7072 0.1001 
18.8336 0.0995 
18.9600 0.0990 
19.0864 0.0984 
19.2128 0.0978 
19.3392 0.0973 
19.4656 0.0968 
19.5920 0.0962 
19.7184 0.0957 
19.8448 0.0951 
19.9712 0.0946 
20.0976 0.0941 
20.2240 0.0935 
20.3504 0.0930 
20.4768 0.0925 
20.6032 0.0919 
20.7296 0.0914 
20.8560 0.0909 
20.9824 0.0904 
21.1088 0.0899 
21.2352 0.0894 
21.3616 0.0888 
21.4880 0.0883 
21.6144 0.0878 
21.7408 0.0873 
21.8672 0.0868 
21.9936 0.0863 
22.1200 0.0858 
22.2464 0.0853 
22.3728 0.0848 
22.4992 0.0843 
22.6256 0.0838 
22.7520 0.0834 
22.8784 0.0829 
23.0048 0.0824 
23.1312 0.0819 
23.2576 0.0814 
23.3840 0.0810 
23.5104 0.0805 
23.6368 0.0800 
23.7632 0.0795 
23.8896 0.0791 
24.0160 0.0786 
24.1424 0.0781 
24.2688 0.0777 
24.3952 0.0772 
24.5216 0.0767 
24.6480 0.0763 
24.7744 0.0758 
24.9008 0.0754 
25.0272 0.0749 
25.1536 0.0745 
25.2800 0.0740 
25.4064 0.0736 
25.5328 0.0731 
25.6592 0.0727 
25.7856 0.0723 
25.9120 0.0718 
26.0384 0.0714 
26.1648 0.0710 
26.2912 0.0705 
26.4176 0.0701 
26.5440 0.0697 
26.6704 0.0692 
26.7968 0.0688 
26.9232 0.0684 
27.0496 0.0680 
27.1760 0.0676 
27.3024 0.0671 
27.4288 0.0667 
27.5552 0.0663 
27.6816 0.0659 
27.8080 0.0655 
27.9344 0.0651 
28.0608 0.0647 
28.1872 0.0643 
28.3136 0.0639 
28.4400 0.0635 
28.5664 0.0631 
28.6928 0.0627 
28.8192 0.0623 
28.9456 0.0619 
29.0720 0.0615 
29.1984 0.0611 
29.3248 0.0607 
29.4512 0.0603 
29.5776 0.0600 
29.7040 0.0596 
29.8304 0.0592 
29.9568 0.0588 
30.0832 0.0584 
30.2096 0.0581 
30.3360 0.0577 
30.4624 0.0573 
30.5888 0.0569 
30.7152 0.0566 
30.8416 0.0562 
30.9680 0.0558 
31.0944 0.0555 
31.2208 0.0551 
31.3472 0.0547 
31.4736 0.0544 
31.6000 0.0540 
31.7264 0.0537 
31.8528 0.0533 
31.9792 0.0530 
32.1056 0.0526 
32.2320 0.0523 
32.3584 0.0519 
32.4848 0.0516 
32.6112 0.0512 
32.7376 0.0509 
32.8640 0.0505 
32.9904 0.0502 
33.1168 0.0498 
33.2432 0.0495 
33.3696 0.0492 
33.4960 0.0488 
33.6224 0.0485 
33.7488 0.0482 
33.8752 0.0478 
34.0016 0.0475 
34.1280 0.0472 
34.2544 0.0469 
34.3808 0.0465 
34.5072 0.0462 
34.6336 0.0459 
34.7600 0.0456 
34.8864 0.0453 
35.0128 0.0449 
35.1392 0.0446 
35.2656 0.0443 
35.3920 0.0440 
35.5184 0.0437 
35.6448 0.0434 
35.7712 0.0431 
35.8976 0.0428 
36.0240 0.0425 
36.1504 0.0421 
36.2768 0.0418 
36.4032 0.0415 
36.5296 0.0412 
36.6560 0.0409 
36.7824 0.0406 
36.9088 0.0403 
37.0352 0.0401 
37.1616 0.0398 
37.2880 0.0395 
37.4144 0.0392 
37.5408 0.0389 
37.6672 0.0386 
37.7936 0.0383 
37.9200 0.0380 
38.0464 0.0377 
38.1728 0.0375 
38.2992 0.0372 
38.4256 0.0369 
38.5520 0.0366 
38.6784 0.0363 
38.8048 0.0361 
38.9312 0.0358 
39.0576 0.0355 
39.1840 0.0352 
39.3104 0.0350 
39.4368 0.0347 
39.5632 0.0344 
39.6896 0.0342 
39.8160 0.0339 
39.9424 0.0336 
40.0688 0.0334 
40.1952 0.0331 
40.3216 0.0328 
40.4480 0.0326 
40.5744 0.0323 
40.7008 0.0321 
40.8272 0.0318 
40.9536 0.0316 
41.0800 0.0313 
41.2064 0.0311 
41.3328 0.0308 
41.4592 0.0305 
41.5856 0.0303 
41.7120 0.0301 
41.8384 0.0298 
41.9648 0.0296 
42.0912 0.0293 
42.2176 0.0291 
42.3440 0.0288 
42.4704 0.0286 
42.5968 0.0283 
42.7232 0.0281 
42.8496 0.0279 
42.9760 0.0276 
43.1024 0.0274 
43.2288 0.0272 
43.3552 0.0269 
43.4816 0.0267 
43.6080 0.0265 
43.7344 0.0262 
43.8608 0.0260 
43.9872 0.0258 
44.1136 0.0255 
44.2400 0.0253 
44.3664 0.0251 
44.4928 0.0249 
44.6192 0.0247 
44.7456 0.0244 
44.8720 0.0242 
44.9984 0.0240 
45.1248 0.0238 
45.2512 0.0236 
45.3776 0.0233 
45.5040 0.0231 
45.6304 0.0229 
45.7568 0.0227 
45.8832 0.0225 
46.0096 0.0223 
46.1360 0.0221 
46.2624 0.0218 
46.3888 0.0216 
46.5152 0.0214 
46.6416 0.0212 
46.7680 0.0210 
46.8944 0.0208 
47.0208 0.0206 
47.1472 0.0204 
47.2736 0.0202 
47.4000 0.0200 
47.5264 0.0198 
47.6528 0.0196 
47.7792 0.0194 
47.9056 0.0192 
48.0320 0.0190 
48.1584 0.0188 
48.2848 0.0186 
48.4112 0.0184 
48.5376 0.0182 
48.6640 0.0181 
48.7904 0.0179 
48.9168 0.0177 
49.0432 0.0175 
49.1696 0.0173 
49.2960 0.0171 
49.4224 0.0169 
49.5488 0.0167 
49.6752 0.0166 
49.8016 0.0164 
49.9280 0.0162 
50.0544 0.0160 
50.1808 0.0158 
50.3072 0.0157 
50.4336 0.0155 
50.5600 0.0153 
50.6864 0.0151 
50.8128 0.0149 
50.9392 0.0148 
51.0656 0.0146 
51.1920 0.0144 
51.3184 0.0142 
51.4448 0.0141 
51.5712 0.0139 
51.6976 0.0137 
51.8240 0.0136 
51.9504 0.0134 
52.0768 0.0132 
52.2032 0.0131 
52.3296 0.0129 
52.4560 0.0127 
52.5824 0.0126 
52.7088 0.0124 
52.8352 0.0122 
52.9616 0.0121 
53.0880 0.0119 
53.2144 0.0117 
53.3408 0.0116 
53.4672 0.0114 
53.5936 0.0113 
53.7200 0.0111 
53.8464 0.0110 
53.9728 0.0108 
54.0992 0.0106 
54.2256 0.0105 
54.3520 0.0103 
54.4784 0.0102 
54.6048 0.0100 
54.7312 0.0099 
54.8576 0.0097 
54.9840 0.0096 
55.1104 0.0094 
55.2368 0.0092 
55.3632 0.0091 
55.4896 0.0089 
55.6160 0.0088 
55.7424 0.0086 
55.8688 0.0085 
55.9952 0.0083 
56.1216 0.0082 
56.2480 0.0080 
56.3744 0.0079 
56.5008 0.0078 
56.6272 0.0076 
56.7536 0.0075 
56.8800 0.0073 
57.0064 0.0072 
57.1328 0.0070 
57.2592 0.0069 
57.3856 0.0067 
57.5120 0.0066 
57.6384 0.0064 
57.7648 0.0063 
57.8912 0.0061 
58.0176 0.0060 
58.1440 0.0059 
58.2704 0.0057 
58.3968 0.0056 
58.5232 0.0054 
58.6496 0.0053 
58.7760 0.0051 
58.9024 0.0050 
59.0288 0.0048 
59.1552 0.0047 
59.2816 0.0046 
59.4080 0.0044 
59.5344 0.0043 
59.6608 0.0041 
59.7872 0.0040 
59.9136 0.0038 
60.0400 0.0037 
60.1664 0.0036 
60.2928 0.0034 
60.4192 0.0033 
60.5456 0.0031 
60.6720 0.0030 
60.7984 0.0028 
60.9248 0.0027 
61.0512 0.0026 
61.1776 0.0024 
61.3040 0.0023 
61.4304 0.0021 
61.5568 0.0020 
61.6832 0.0018 
61.8096 0.0017 
61.9360 0.0016 
62.0624 0.0014 
62.1888 0.0013 
62.3152 0.0011 
62.4416 0.0010 
62.5680 0.0009 
62.6944 0.0007 
62.8208 0.0006 
62.9472 0.0004 
63.0736 0.0003 
63.2000 0.0001 
63.3264 0.0000 
