0.0544 0.0576 
0.1088 0.0576 
0.1632 0.0576 
0.2176 0.0576 
0.2720 0.0576 
0.3264 0.0575 
0.3808 0.0575 
0.4352 0.0575 
0.4896 0.0575 
0.5440 0.0575 
0.5984 0.0574 
0.6528 0.0574 
0.7072 0.0574 
0.7616 0.0573 
0.8160 0.0573 
0.8704 0.0573 
0.9248 0.0572 
0.9792 0.0572 
1.0336 0.0571 
1.0880 0.0571 
1.1424 0.0570 
1.1968 0.0570 
1.2512 0.0569 
1.3056 0.0568 
1.3600 0.0568 
1.4144 0.0567 
1.4688 0.0566 
1.5232 0.0566 
1.5776 0.0565 
1.6320 0.0564 
1.6864 0.0563 
1.7408 0.0562 
1.7952 0.0562 
1.8496 0.0561 
1.9040 0.0560 
1.9584 0.0559 
2.0128 0.0558 
2.0672 0.0557 
2.1216 0.0556 
2.1760 0.0555 
2.2304 0.0554 
2.2848 0.0553 
2.3392 0.0551 
2.3936 0.0550 
2.4480 0.0549 
2.5024 0.0548 
2.5568 0.0547 
2.6112 0.0545 
2.6656 0.0544 
2.7200 0.0543 
2.7744 0.0541 
2.8288 0.0540 
2.8832 0.0538 
2.9376 0.0537 
2.9920 0.0535 
3.0464 0.0534 
3.1008 0.0532 
3.1552 0.0531 
3.2096 0.0529 
3.2640 0.0528 
3.3184 0.0526 
3.3728 0.0524 
3.4272 0.0523 
3.4816 0.0521 
3.5360 0.0519 
3.5904 0.0518 
3.6448 0.0516 
3.6992 0.0515 
3.7536 0.0513 
3.8080 0.0511 
3.8624 0.0510 
3.9168 0.0508 
3.9712 0.0506 
4.0256 0.0505 
4.0800 0.0503 
4.1344 0.0501 
4.1888 0.0500 
4.2432 0.0498 
4.2976 0.0497 
4.3520 0.0495 
4.4064 0.0493 
4.4608 0.0492 
4.5152 0.0490 
4.5696 0.0489 
4.6240 0.0487 
4.6784 0.0485 
4.7328 0.0484 
4.7872 0.0482 
4.8416 0.0481 
4.8960 0.0479 
4.9504 0.0477 
5.0048 0.0476 
5.0592 0.0474 
5.1136 0.0473 
5.1680 0.0471 
5.2224 0.0470 
5.2768 0.0468 
5.3312 0.0467 
5.3856 0.0465 
5.4400 0.0463 
5.4944 0.0462 
5.5488 0.0460 
5.6032 0.0459 
5.6576 0.0457 
5.7120 0.0456 
5.7664 0.0454 
5.8208 0.0453 
5.8752 0.0451 
5.9296 0.0450 
5.9840 0.0448 
6.0384 0.0446 
6.0928 0.0445 
6.1472 0.0443 
6.2016 0.0442 
6.2560 0.0440 
6.3104 0.0439 
6.3648 0.0437 
6.4192 0.0436 
6.4736 0.0434 
6.5280 0.0433 
6.5824 0.0431 
6.6368 0.0430 
6.6912 0.0428 
6.7456 0.0427 
6.8000 0.0425 
6.8544 0.0424 
6.9088 0.0422 
6.9632 0.0421 
7.0176 0.0419 
7.0720 0.0418 
7.1264 0.0417 
7.1808 0.0415 
7.2352 0.0414 
7.2896 0.0412 
7.3440 0.0411 
7.3984 0.0409 
7.4528 0.0408 
7.5072 0.0406 
7.5616 0.0405 
7.6160 0.0403 
7.6704 0.0402 
7.7248 0.0400 
7.7792 0.0399 
7.8336 0.0398 
7.8880 0.0396 
7.9424 0.0395 
7.9968 0.0393 
8.0512 0.0392 
8.1056 0.0390 
8.1600 0.0389 
8.2144 0.0388 
8.2688 0.0386 
8.3232 0.0385 
8.3776 0.0383 
8.4320 0.0382 
8.4864 0.0380 
8.5408 0.0379 
8.5952 0.0378 
8.6496 0.0376 
8.7040 0.0375 
8.7584 0.0373 
8.8128 0.0372 
8.8672 0.0371 
8.9216 0.0369 
8.9760 0.0368 
9.0304 0.0366 
9.0848 0.0365 
9.1392 0.0364 
9.1936 0.0362 
9.2480 0.0361 
9.3024 0.0360 
9.3568 0.0358 
9.4112 0.0357 
9.4656 0.0355 
9.5200 0.0354 
9.5744 0.0353 
9.6288 0.0351 
9.6832 0.0350 
9.7376 0.0349 
9.7920 0.0347 
9.8464 0.0346 
9.9008 0.0345 
9.9552 0.0343 
10.0096 0.0342 
10.0640 0.0341 
10.1184 0.0339 
10.1728 0.0338 
10.2272 0.0337 
10.2816 0.0335 
10.3360 0.0334 
10.3904 0.0333 
10.4448 0.0331 
10.4992 0.0330 
10.5536 0.0329 
10.6080 0.0327 
10.6624 0.0326 
10.7168 0.0325 
10.7712 0.0323 
10.8256 0.0322 
10.8800 0.0321 
10.9344 0.0319 
10.9888 0.0318 
11.0432 0.0317 
11.0976 0.0315 
11.1520 0.0314 
11.2064 0.0313 
11.2608 0.0312 
11.3152 0.0310 
11.3696 0.0309 
11.4240 0.0308 
11.4784 0.0306 
11.5328 0.0305 
11.5872 0.0304 
11.6416 0.0303 
11.6960 0.0301 
11.7504 0.0300 
11.8048 0.0299 
11.8592 0.0297 
11.9136 0.0296 
11.9680 0.0295 
12.0224 0.0294 
12.0768 0.0292 
12.1312 0.0291 
12.1856 0.0290 
12.2400 0.0289 
12.2944 0.0287 
12.3488 0.0286 
12.4032 0.0285 
12.4576 0.0284 
12.5120 0.0282 
12.5664 0.0281 
12.6208 0.0280 
12.6752 0.0279 
12.7296 0.0277 
12.7840 0.0276 
12.8384 0.0275 
12.8928 0.0274 
12.9472 0.0272 
13.0016 0.0271 
13.0560 0.0270 
13.1104 0.0269 
13.1648 0.0268 
13.2192 0.0266 
13.2736 0.0265 
13.3280 0.0264 
13.3824 0.0263 
13.4368 0.0261 
13.4912 0.0260 
13.5456 0.0259 
13.6000 0.0258 
13.6544 0.0257 
13.7088 0.0255 
13.7632 0.0254 
13.8176 0.0253 
13.8720 0.0252 
13.9264 0.0251 
13.9808 0.0249 
14.0352 0.0248 
14.0896 0.0247 
14.1440 0.0246 
14.1984 0.0245 
14.2528 0.0244 
14.3072 0.0242 
14.3616 0.0241 
14.4160 0.0240 
14.4704 0.0239 
14.5248 0.0238 
14.5792 0.0236 
14.6336 0.0235 
14.6880 0.0234 
14.7424 0.0233 
14.7968 0.0232 
14.8512 0.0231 
14.9056 0.0229 
14.9600 0.0228 
15.0144 0.0227 
15.0688 0.0226 
15.1232 0.0225 
15.1776 0.0224 
15.2320 0.0223 
15.2864 0.0221 
15.3408 0.0220 
15.3952 0.0219 
15.4496 0.0218 
15.5040 0.0217 
15.5584 0.0216 
15.6128 0.0215 
15.6672 0.0213 
15.7216 0.0212 
15.7760 0.0211 
15.8304 0.0210 
15.8848 0.0209 
15.9392 0.0208 
15.9936 0.0207 
16.0480 0.0206 
16.1024 0.0204 
16.1568 0.0203 
16.2112 0.0202 
16.2656 0.0201 
16.3200 0.0200 
16.3744 0.0199 
16.4288 0.0198 
16.4832 0.0197 
16.5376 0.0196 
16.5920 0.0194 
16.6464 0.0193 
16.7008 0.0192 
16.7552 0.0191 
16.8096 0.0190 
16.8640 0.0189 
16.9184 0.0188 
16.9728 0.0187 
17.0272 0.0186 
17.0816 0.0185 
17.1360 0.0184 
17.1904 0.0182 
17.2448 0.0181 
17.2992 0.0180 
17.3536 0.0179 
17.4080 0.0178 
17.4624 0.0177 
17.5168 0.0176 
17.5712 0.0175 
17.6256 0.0174 
17.6800 0.0173 
17.7344 0.0172 
17.7888 0.0171 
17.8432 0.0170 
17.8976 0.0168 
17.9520 0.0167 
18.0064 0.0166 
18.0608 0.0165 
18.1152 0.0164 
18.1696 0.0163 
18.2240 0.0162 
18.2784 0.0161 
18.3328 0.0160 
18.3872 0.0159 
18.4416 0.0158 
18.4960 0.0157 
18.5504 0.0156 
18.6048 0.0155 
18.6592 0.0154 
18.7136 0.0153 
18.7680 0.0152 
18.8224 0.0151 
18.8768 0.0150 
18.9312 0.0149 
18.9856 0.0147 
19.0400 0.0146 
19.0944 0.0145 
19.1488 0.0144 
19.2032 0.0143 
19.2576 0.0142 
19.3120 0.0141 
19.3664 0.0140 
19.4208 0.0139 
19.4752 0.0138 
19.5296 0.0137 
19.5840 0.0136 
19.6384 0.0135 
19.6928 0.0134 
19.7472 0.0133 
19.8016 0.0132 
19.8560 0.0131 
19.9104 0.0130 
19.9648 0.0129 
20.0192 0.0128 
20.0736 0.0127 
20.1280 0.0126 
20.1824 0.0125 
20.2368 0.0124 
20.2912 0.0123 
20.3456 0.0122 
20.4000 0.0121 
20.4544 0.0120 
20.5088 0.0119 
20.5632 0.0118 
20.6176 0.0117 
20.6720 0.0116 
20.7264 0.0115 
20.7808 0.0114 
20.8352 0.0113 
20.8896 0.0112 
20.9440 0.0111 
20.9984 0.0110 
21.0528 0.0109 
21.1072 0.0108 
21.1616 0.0107 
21.2160 0.0106 
21.2704 0.0105 
21.3248 0.0104 
21.3792 0.0103 
21.4336 0.0102 
21.4880 0.0101 
21.5424 0.0100 
21.5968 0.0099 
21.6512 0.0098 
21.7056 0.0097 
21.7600 0.0096 
21.8144 0.0095 
21.8688 0.0094 
21.9232 0.0093 
21.9776 0.0092 
22.0320 0.0091 
22.0864 0.0091 
22.1408 0.0090 
22.1952 0.0089 
22.2496 0.0088 
22.3040 0.0087 
22.3584 0.0086 
22.4128 0.0085 
22.4672 0.0084 
22.5216 0.0083 
22.5760 0.0082 
22.6304 0.0081 
22.6848 0.0080 
22.7392 0.0079 
22.7936 0.0078 
22.8480 0.0077 
22.9024 0.0076 
22.9568 0.0075 
23.0112 0.0074 
23.0656 0.0073 
23.1200 0.0072 
23.1744 0.0071 
23.2288 0.0070 
23.2832 0.0069 
23.3376 0.0068 
23.3920 0.0067 
23.4464 0.0066 
23.5008 0.0065 
23.5552 0.0064 
23.6096 0.0064 
23.6640 0.0063 
23.7184 0.0062 
23.7728 0.0061 
23.8272 0.0060 
23.8816 0.0059 
23.9360 0.0058 
23.9904 0.0057 
24.0448 0.0056 
24.0992 0.0055 
24.1536 0.0054 
24.2080 0.0053 
24.2624 0.0052 
24.3168 0.0051 
24.3712 0.0050 
24.4256 0.0049 
24.4800 0.0048 
24.5344 0.0047 
24.5888 0.0046 
24.6432 0.0045 
24.6976 0.0044 
24.7520 0.0044 
24.8064 0.0043 
24.8608 0.0042 
24.9152 0.0041 
24.9696 0.0040 
25.0240 0.0039 
25.0784 0.0038 
25.1328 0.0037 
25.1872 0.0036 
25.2416 0.0035 
25.2960 0.0034 
25.3504 0.0033 
25.4048 0.0032 
25.4592 0.0031 
25.5136 0.0030 
25.5680 0.0029 
25.6224 0.0028 
25.6768 0.0027 
25.7312 0.0026 
25.7856 0.0026 
25.8400 0.0025 
25.8944 0.0024 
25.9488 0.0023 
26.0032 0.0022 
26.0576 0.0021 
26.1120 0.0020 
26.1664 0.0019 
26.2208 0.0018 
26.2752 0.0017 
26.3296 0.0016 
26.3840 0.0015 
26.4384 0.0014 
26.4928 0.0013 
26.5472 0.0012 
26.6016 0.0011 
26.6560 0.0010 
26.7104 0.0009 
26.7648 0.0009 
26.8192 0.0008 
26.8736 0.0007 
26.9280 0.0006 
26.9824 0.0005 
27.0368 0.0004 
27.0912 0.0003 
27.1456 0.0002 
27.2000 0.0001 
27.2544 0.0000 
