0.1768 0.2739 
0.3536 0.2739 
0.5304 0.2739 
0.7072 0.2738 
0.8840 0.2737 
1.0608 0.2736 
1.2376 0.2735 
1.4144 0.2733 
1.5912 0.2731 
1.7680 0.2729 
1.9448 0.2727 
2.1216 0.2724 
2.2984 0.2722 
2.4752 0.2718 
2.6520 0.2715 
2.8288 0.2711 
3.0056 0.2708 
3.1824 0.2704 
3.3592 0.2699 
3.5360 0.2695 
3.7128 0.2690 
3.8896 0.2685 
4.0664 0.2679 
4.2432 0.2674 
4.4200 0.2668 
4.5968 0.2662 
4.7736 0.2656 
4.9504 0.2649 
5.1272 0.2642 
5.3040 0.2635 
5.4808 0.2628 
5.6576 0.2620 
5.8344 0.2612 
6.0112 0.2604 
6.1880 0.2596 
6.3648 0.2587 
6.5416 0.2579 
6.7184 0.2570 
6.8952 0.2560 
7.0720 0.2551 
7.2488 0.2541 
7.4256 0.2531 
7.6024 0.2520 
7.7792 0.2510 
7.9560 0.2499 
8.1328 0.2488 
8.3096 0.2477 
8.4864 0.2465 
8.6632 0.2453 
8.8400 0.2441 
9.0168 0.2429 
9.1936 0.2416 
9.3704 0.2403 
9.5472 0.2390 
9.7240 0.2377 
9.9008 0.2363 
10.0776 0.2350 
10.2544 0.2336 
10.4312 0.2321 
10.6080 0.2307 
10.7848 0.2292 
10.9616 0.2278 
11.1384 0.2263 
11.3152 0.2248 
11.4920 0.2234 
11.6688 0.2219 
11.8456 0.2204 
12.0224 0.2190 
12.1992 0.2175 
12.3760 0.2161 
12.5528 0.2147 
12.7296 0.2133 
12.9064 0.2119 
13.0832 0.2105 
13.2600 0.2091 
13.4368 0.2077 
13.6136 0.2063 
13.7904 0.2049 
13.9672 0.2036 
14.1440 0.2022 
14.3208 0.2008 
14.4976 0.1995 
14.6744 0.1982 
14.8512 0.1968 
15.0280 0.1955 
15.2048 0.1942 
15.3816 0.1929 
15.5584 0.1916 
15.7352 0.1903 
15.9120 0.1890 
16.0888 0.1877 
16.2656 0.1865 
16.4424 0.1852 
16.6192 0.1839 
16.7960 0.1827 
16.9728 0.1814 
17.1496 0.1802 
17.3264 0.1790 
17.5032 0.1778 
17.6800 0.1765 
17.8568 0.1753 
18.0336 0.1741 
18.2104 0.1729 
18.3872 0.1717 
18.5640 0.1706 
18.7408 0.1694 
18.9176 0.1682 
19.0944 0.1670 
19.2712 0.1659 
19.4480 0.1647 
19.6248 0.1636 
19.8016 0.1625 
19.9784 0.1613 
20.1552 0.1602 
20.3320 0.1591 
20.5088 0.1580 
20.6856 0.1569 
20.8624 0.1558 
21.0392 0.1547 
21.2160 0.1536 
21.3928 0.1525 
21.5696 0.1514 
21.7464 0.1504 
21.9232 0.1493 
22.1000 0.1483 
22.2768 0.1472 
22.4536 0.1462 
22.6304 0.1451 
22.8072 0.1441 
22.9840 0.1431 
23.1608 0.1421 
23.3376 0.1410 
23.5144 0.1400 
23.6912 0.1390 
23.8680 0.1380 
24.0448 0.1371 
24.2216 0.1361 
24.3984 0.1351 
24.5752 0.1341 
24.7520 0.1332 
24.9288 0.1322 
25.1056 0.1312 
25.2824 0.1303 
25.4592 0.1294 
25.6360 0.1284 
25.8128 0.1275 
25.9896 0.1266 
26.1664 0.1256 
26.3432 0.1247 
26.5200 0.1238 
26.6968 0.1229 
26.8736 0.1220 
27.0504 0.1211 
27.2272 0.1202 
27.4040 0.1193 
27.5808 0.1185 
27.7576 0.1176 
27.9344 0.1167 
28.1112 0.1159 
28.2880 0.1150 
28.4648 0.1141 
28.6416 0.1133 
28.8184 0.1125 
28.9952 0.1116 
29.1720 0.1108 
29.3488 0.1100 
29.5256 0.1091 
29.7024 0.1083 
29.8792 0.1075 
30.0560 0.1067 
30.2328 0.1059 
30.4096 0.1051 
30.5864 0.1043 
30.7632 0.1035 
30.9400 0.1027 
31.1168 0.1020 
31.2936 0.1012 
31.4704 0.1004 
31.6472 0.0997 
31.8240 0.0989 
32.0008 0.0981 
32.1776 0.0974 
32.3544 0.0966 
32.5312 0.0959 
32.7080 0.0952 
32.8848 0.0944 
33.0616 0.0937 
33.2384 0.0930 
33.4152 0.0923 
33.5920 0.0916 
33.7688 0.0908 
33.9456 0.0901 
34.1224 0.0894 
34.2992 0.0887 
34.4760 0.0881 
34.6528 0.0874 
34.8296 0.0867 
35.0064 0.0860 
35.1832 0.0853 
35.3600 0.0847 
35.5368 0.0840 
35.7136 0.0833 
35.8904 0.0827 
36.0672 0.0820 
36.2440 0.0814 
36.4208 0.0807 
36.5976 0.0801 
36.7744 0.0794 
36.9512 0.0788 
37.1280 0.0782 
37.3048 0.0776 
37.4816 0.0769 
37.6584 0.0763 
37.8352 0.0757 
38.0120 0.0751 
38.1888 0.0745 
38.3656 0.0739 
38.5424 0.0733 
38.7192 0.0727 
38.8960 0.0721 
39.0728 0.0715 
39.2496 0.0709 
39.4264 0.0704 
39.6032 0.0698 
39.7800 0.0692 
39.9568 0.0686 
40.1336 0.0681 
40.3104 0.0675 
40.4872 0.0670 
40.6640 0.0664 
40.8408 0.0659 
41.0176 0.0653 
41.1944 0.0648 
41.3712 0.0642 
41.5480 0.0637 
41.7248 0.0632 
41.9016 0.0626 
42.0784 0.0621 
42.2552 0.0616 
42.4320 0.0611 
42.6088 0.0605 
42.7856 0.0600 
42.9624 0.0595 
43.1392 0.0590 
43.3160 0.0585 
43.4928 0.0580 
43.6696 0.0575 
43.8464 0.0570 
44.0232 0.0565 
44.2000 0.0560 
44.3768 0.0556 
44.5536 0.0551 
44.7304 0.0546 
44.9072 0.0541 
45.0840 0.0537 
45.2608 0.0532 
45.4376 0.0527 
45.6144 0.0523 
45.7912 0.0518 
45.9680 0.0514 
46.1448 0.0509 
46.3216 0.0505 
46.4984 0.0500 
46.6752 0.0496 
46.8520 0.0491 
47.0288 0.0487 
47.2056 0.0483 
47.3824 0.0478 
47.5592 0.0474 
47.7360 0.0470 
47.9128 0.0466 
48.0896 0.0461 
48.2664 0.0457 
48.4432 0.0453 
48.6200 0.0449 
48.7968 0.0445 
48.9736 0.0441 
49.1504 0.0437 
49.3272 0.0433 
49.5040 0.0429 
49.6808 0.0425 
49.8576 0.0421 
50.0344 0.0417 
50.2112 0.0413 
50.3880 0.0409 
50.5648 0.0406 
50.7416 0.0402 
50.9184 0.0398 
51.0952 0.0394 
51.2720 0.0391 
51.4488 0.0387 
51.6256 0.0383 
51.8024 0.0380 
51.9792 0.0376 
52.1560 0.0372 
52.3328 0.0369 
52.5096 0.0365 
52.6864 0.0362 
52.8632 0.0358 
53.0400 0.0355 
53.2168 0.0352 
53.3936 0.0348 
53.5704 0.0345 
53.7472 0.0341 
53.9240 0.0338 
54.1008 0.0335 
54.2776 0.0331 
54.4544 0.0328 
54.6312 0.0325 
54.8080 0.0322 
54.9848 0.0319 
55.1616 0.0315 
55.3384 0.0312 
55.5152 0.0309 
55.6920 0.0306 
55.8688 0.0303 
56.0456 0.0300 
56.2224 0.0297 
56.3992 0.0294 
56.5760 0.0291 
56.7528 0.0288 
56.9296 0.0285 
57.1064 0.0282 
57.2832 0.0279 
57.4600 0.0276 
57.6368 0.0274 
57.8136 0.0271 
57.9904 0.0268 
58.1672 0.0265 
58.3440 0.0262 
58.5208 0.0260 
58.6976 0.0257 
58.8744 0.0254 
59.0512 0.0252 
59.2280 0.0249 
59.4048 0.0246 
59.5816 0.0244 
59.7584 0.0241 
59.9352 0.0239 
60.1120 0.0236 
60.2888 0.0233 
60.4656 0.0231 
60.6424 0.0228 
60.8192 0.0226 
60.9960 0.0224 
61.1728 0.0221 
61.3496 0.0219 
61.5264 0.0216 
61.7032 0.0214 
61.8800 0.0212 
62.0568 0.0209 
62.2336 0.0207 
62.4104 0.0205 
62.5872 0.0202 
62.7640 0.0200 
62.9408 0.0198 
63.1176 0.0196 
63.2944 0.0193 
63.4712 0.0191 
63.6480 0.0189 
63.8248 0.0187 
64.0016 0.0185 
64.1784 0.0183 
64.3552 0.0181 
64.5320 0.0179 
64.7088 0.0177 
64.8856 0.0174 
65.0624 0.0172 
65.2392 0.0170 
65.4160 0.0168 
65.5928 0.0167 
65.7696 0.0165 
65.9464 0.0163 
66.1232 0.0161 
66.3000 0.0159 
66.4768 0.0157 
66.6536 0.0155 
66.8304 0.0153 
67.0072 0.0151 
67.1840 0.0150 
67.3608 0.0148 
67.5376 0.0146 
67.7144 0.0144 
67.8912 0.0142 
68.0680 0.0141 
68.2448 0.0139 
68.4216 0.0137 
68.5984 0.0136 
68.7752 0.0134 
68.9520 0.0132 
69.1288 0.0131 
69.3056 0.0129 
69.4824 0.0127 
69.6592 0.0126 
69.8360 0.0124 
70.0128 0.0123 
70.1896 0.0121 
70.3664 0.0120 
70.5432 0.0118 
70.7200 0.0117 
70.8968 0.0115 
71.0736 0.0114 
71.2504 0.0112 
71.4272 0.0111 
71.6040 0.0109 
71.7808 0.0108 
71.9576 0.0106 
72.1344 0.0105 
72.3112 0.0104 
72.4880 0.0102 
72.6648 0.0101 
72.8416 0.0100 
73.0184 0.0098 
73.1952 0.0097 
73.3720 0.0096 
73.5488 0.0094 
73.7256 0.0093 
73.9024 0.0092 
74.0792 0.0090 
74.2560 0.0089 
74.4328 0.0088 
74.6096 0.0087 
74.7864 0.0085 
74.9632 0.0084 
75.1400 0.0083 
75.3168 0.0082 
75.4936 0.0081 
75.6704 0.0079 
75.8472 0.0078 
76.0240 0.0077 
76.2008 0.0076 
76.3776 0.0075 
76.5544 0.0074 
76.7312 0.0072 
76.9080 0.0071 
77.0848 0.0070 
77.2616 0.0069 
77.4384 0.0068 
77.6152 0.0067 
77.7920 0.0066 
77.9688 0.0064 
78.1456 0.0063 
78.3224 0.0062 
78.4992 0.0061 
78.6760 0.0060 
78.8528 0.0059 
79.0296 0.0058 
79.2064 0.0057 
79.3832 0.0055 
79.5600 0.0054 
79.7368 0.0053 
79.9136 0.0052 
80.0904 0.0051 
80.2672 0.0050 
80.4440 0.0049 
80.6208 0.0048 
80.7976 0.0047 
80.9744 0.0046 
81.1512 0.0045 
81.3280 0.0043 
81.5048 0.0042 
81.6816 0.0041 
81.8584 0.0040 
82.0352 0.0039 
82.2120 0.0038 
82.3888 0.0037 
82.5656 0.0036 
82.7424 0.0035 
82.9192 0.0034 
83.0960 0.0033 
83.2728 0.0032 
83.4496 0.0031 
83.6264 0.0030 
83.8032 0.0028 
83.9800 0.0027 
84.1568 0.0026 
84.3336 0.0025 
84.5104 0.0024 
84.6872 0.0023 
84.8640 0.0022 
85.0408 0.0021 
85.2176 0.0020 
85.3944 0.0019 
85.5712 0.0018 
85.7480 0.0017 
85.9248 0.0016 
86.1016 0.0015 
86.2784 0.0014 
86.4552 0.0013 
86.6320 0.0012 
86.8088 0.0011 
86.9856 0.0009 
87.1624 0.0008 
87.3392 0.0007 
87.5160 0.0006 
87.6928 0.0005 
87.8696 0.0004 
88.0464 0.0003 
88.2232 0.0002 
88.4000 0.0001 
88.5768 0.0000 
