0.1624 0.2473 
0.3248 0.2473 
0.4872 0.2472 
0.6496 0.2472 
0.8120 0.2471 
0.9744 0.2470 
1.1368 0.2469 
1.2992 0.2468 
1.4616 0.2466 
1.6240 0.2464 
1.7864 0.2462 
1.9488 0.2460 
2.1112 0.2457 
2.2736 0.2455 
2.4360 0.2452 
2.5984 0.2449 
2.7608 0.2446 
2.9232 0.2442 
3.0856 0.2438 
3.2480 0.2434 
3.4104 0.2430 
3.5728 0.2426 
3.7352 0.2421 
3.8976 0.2417 
4.0600 0.2412 
4.2224 0.2407 
4.3848 0.2401 
4.5472 0.2396 
4.7096 0.2390 
4.8720 0.2384 
5.0344 0.2377 
5.1968 0.2371 
5.3592 0.2364 
5.5216 0.2357 
5.6840 0.2350 
5.8464 0.2343 
6.0088 0.2335 
6.1712 0.2328 
6.3336 0.2320 
6.4960 0.2311 
6.6584 0.2303 
6.8208 0.2295 
6.9832 0.2286 
7.1456 0.2277 
7.3080 0.2267 
7.4704 0.2258 
7.6328 0.2248 
7.7952 0.2238 
7.9576 0.2228 
8.1200 0.2218 
8.2824 0.2207 
8.4448 0.2197 
8.6072 0.2186 
8.7696 0.2175 
8.9320 0.2163 
9.0944 0.2152 
9.2568 0.2140 
9.4192 0.2128 
9.5816 0.2116 
9.7440 0.2103 
9.9064 0.2091 
10.0688 0.2078 
10.2312 0.2066 
10.3936 0.2053 
10.5560 0.2041 
10.7184 0.2028 
10.8808 0.2016 
11.0432 0.2003 
11.2056 0.1991 
11.3680 0.1979 
11.5304 0.1966 
11.6928 0.1954 
11.8552 0.1942 
12.0176 0.1930 
12.1800 0.1918 
12.3424 0.1906 
12.5048 0.1894 
12.6672 0.1883 
12.8296 0.1871 
12.9920 0.1859 
13.1544 0.1848 
13.3168 0.1836 
13.4792 0.1825 
13.6416 0.1813 
13.8040 0.1802 
13.9664 0.1790 
14.1288 0.1779 
14.2912 0.1768 
14.4536 0.1757 
14.6160 0.1746 
14.7784 0.1735 
14.9408 0.1724 
15.1032 0.1713 
15.2656 0.1702 
15.4280 0.1691 
15.5904 0.1680 
15.7528 0.1670 
15.9152 0.1659 
16.0776 0.1649 
16.2400 0.1638 
16.4024 0.1628 
16.5648 0.1617 
16.7272 0.1607 
16.8896 0.1596 
17.0520 0.1586 
17.2144 0.1576 
17.3768 0.1566 
17.5392 0.1556 
17.7016 0.1546 
17.8640 0.1536 
18.0264 0.1526 
18.1888 0.1516 
18.3512 0.1506 
18.5136 0.1496 
18.6760 0.1487 
18.8384 0.1477 
19.0008 0.1467 
19.1632 0.1458 
19.3256 0.1448 
19.4880 0.1439 
19.6504 0.1429 
19.8128 0.1420 
19.9752 0.1411 
20.1376 0.1401 
20.3000 0.1392 
20.4624 0.1383 
20.6248 0.1374 
20.7872 0.1365 
20.9496 0.1356 
21.1120 0.1347 
21.2744 0.1338 
21.4368 0.1329 
21.5992 0.1320 
21.7616 0.1311 
21.9240 0.1302 
22.0864 0.1294 
22.2488 0.1285 
22.4112 0.1277 
22.5736 0.1268 
22.7360 0.1260 
22.8984 0.1251 
23.0608 0.1243 
23.2232 0.1234 
23.3856 0.1226 
23.5480 0.1218 
23.7104 0.1209 
23.8728 0.1201 
24.0352 0.1193 
24.1976 0.1185 
24.3600 0.1177 
24.5224 0.1169 
24.6848 0.1161 
24.8472 0.1153 
25.0096 0.1145 
25.1720 0.1137 
25.3344 0.1130 
25.4968 0.1122 
25.6592 0.1114 
25.8216 0.1107 
25.9840 0.1099 
26.1464 0.1091 
26.3088 0.1084 
26.4712 0.1076 
26.6336 0.1069 
26.7960 0.1061 
26.9584 0.1054 
27.1208 0.1047 
27.2832 0.1039 
27.4456 0.1032 
27.6080 0.1025 
27.7704 0.1018 
27.9328 0.1011 
28.0952 0.1004 
28.2576 0.0997 
28.4200 0.0990 
28.5824 0.0983 
28.7448 0.0976 
28.9072 0.0969 
29.0696 0.0962 
29.2320 0.0955 
29.3944 0.0948 
29.5568 0.0942 
29.7192 0.0935 
29.8816 0.0928 
30.0440 0.0922 
30.2064 0.0915 
30.3688 0.0909 
30.5312 0.0902 
30.6936 0.0896 
30.8560 0.0889 
31.0184 0.0883 
31.1808 0.0876 
31.3432 0.0870 
31.5056 0.0864 
31.6680 0.0858 
31.8304 0.0851 
31.9928 0.0845 
32.1552 0.0839 
32.3176 0.0833 
32.4800 0.0827 
32.6424 0.0821 
32.8048 0.0815 
32.9672 0.0809 
33.1296 0.0803 
33.2920 0.0797 
33.4544 0.0791 
33.6168 0.0785 
33.7792 0.0779 
33.9416 0.0774 
34.1040 0.0768 
34.2664 0.0762 
34.4288 0.0757 
34.5912 0.0751 
34.7536 0.0745 
34.9160 0.0740 
35.0784 0.0734 
35.2408 0.0729 
35.4032 0.0723 
35.5656 0.0718 
35.7280 0.0712 
35.8904 0.0707 
36.0528 0.0702 
36.2152 0.0696 
36.3776 0.0691 
36.5400 0.0686 
36.7024 0.0681 
36.8648 0.0675 
37.0272 0.0670 
37.1896 0.0665 
37.3520 0.0660 
37.5144 0.0655 
37.6768 0.0650 
37.8392 0.0645 
38.0016 0.0640 
38.1640 0.0635 
38.3264 0.0630 
38.4888 0.0625 
38.6512 0.0620 
38.8136 0.0615 
38.9760 0.0611 
39.1384 0.0606 
39.3008 0.0601 
39.4632 0.0596 
39.6256 0.0592 
39.7880 0.0587 
39.9504 0.0582 
40.1128 0.0578 
40.2752 0.0573 
40.4376 0.0569 
40.6000 0.0564 
40.7624 0.0559 
40.9248 0.0555 
41.0872 0.0551 
41.2496 0.0546 
41.4120 0.0542 
41.5744 0.0537 
41.7368 0.0533 
41.8992 0.0529 
42.0616 0.0524 
42.2240 0.0520 
42.3864 0.0516 
42.5488 0.0512 
42.7112 0.0508 
42.8736 0.0503 
43.0360 0.0499 
43.1984 0.0495 
43.3608 0.0491 
43.5232 0.0487 
43.6856 0.0483 
43.8480 0.0479 
44.0104 0.0475 
44.1728 0.0471 
44.3352 0.0467 
44.4976 0.0463 
44.6600 0.0459 
44.8224 0.0455 
44.9848 0.0451 
45.1472 0.0448 
45.3096 0.0444 
45.4720 0.0440 
45.6344 0.0436 
45.7968 0.0433 
45.9592 0.0429 
46.1216 0.0425 
46.2840 0.0422 
46.4464 0.0418 
46.6088 0.0414 
46.7712 0.0411 
46.9336 0.0407 
47.0960 0.0404 
47.2584 0.0400 
47.4208 0.0397 
47.5832 0.0393 
47.7456 0.0390 
47.9080 0.0386 
48.0704 0.0383 
48.2328 0.0379 
48.3952 0.0376 
48.5576 0.0373 
48.7200 0.0369 
48.8824 0.0366 
49.0448 0.0363 
49.2072 0.0360 
49.3696 0.0356 
49.5320 0.0353 
49.6944 0.0350 
49.8568 0.0347 
50.0192 0.0344 
50.1816 0.0340 
50.3440 0.0337 
50.5064 0.0334 
50.6688 0.0331 
50.8312 0.0328 
50.9936 0.0325 
51.1560 0.0322 
51.3184 0.0319 
51.4808 0.0316 
51.6432 0.0313 
51.8056 0.0310 
51.9680 0.0307 
52.1304 0.0304 
52.2928 0.0301 
52.4552 0.0299 
52.6176 0.0296 
52.7800 0.0293 
52.9424 0.0290 
53.1048 0.0287 
53.2672 0.0285 
53.4296 0.0282 
53.5920 0.0279 
53.7544 0.0276 
53.9168 0.0274 
54.0792 0.0271 
54.2416 0.0268 
54.4040 0.0266 
54.5664 0.0263 
54.7288 0.0260 
54.8912 0.0258 
55.0536 0.0255 
55.2160 0.0253 
55.3784 0.0250 
55.5408 0.0248 
55.7032 0.0245 
55.8656 0.0243 
56.0280 0.0240 
56.1904 0.0238 
56.3528 0.0235 
56.5152 0.0233 
56.6776 0.0231 
56.8400 0.0228 
57.0024 0.0226 
57.1648 0.0224 
57.3272 0.0221 
57.4896 0.0219 
57.6520 0.0217 
57.8144 0.0214 
57.9768 0.0212 
58.1392 0.0210 
58.3016 0.0208 
58.4640 0.0205 
58.6264 0.0203 
58.7888 0.0201 
58.9512 0.0199 
59.1136 0.0197 
59.2760 0.0195 
59.4384 0.0193 
59.6008 0.0190 
59.7632 0.0188 
59.9256 0.0186 
60.0880 0.0184 
60.2504 0.0182 
60.4128 0.0180 
60.5752 0.0178 
60.7376 0.0176 
60.9000 0.0174 
61.0624 0.0172 
61.2248 0.0170 
61.3872 0.0168 
61.5496 0.0166 
61.7120 0.0165 
61.8744 0.0163 
62.0368 0.0161 
62.1992 0.0159 
62.3616 0.0157 
62.5240 0.0155 
62.6864 0.0153 
62.8488 0.0152 
63.0112 0.0150 
63.1736 0.0148 
63.3360 0.0146 
63.4984 0.0145 
63.6608 0.0143 
63.8232 0.0141 
63.9856 0.0139 
64.1480 0.0138 
64.3104 0.0136 
64.4728 0.0134 
64.6352 0.0133 
64.7976 0.0131 
64.9600 0.0129 
65.1224 0.0128 
65.2848 0.0126 
65.4472 0.0125 
65.6096 0.0123 
65.7720 0.0121 
65.9344 0.0120 
66.0968 0.0118 
66.2592 0.0117 
66.4216 0.0115 
66.5840 0.0114 
66.7464 0.0112 
66.9088 0.0111 
67.0712 0.0109 
67.2336 0.0108 
67.3960 0.0106 
67.5584 0.0105 
67.7208 0.0104 
67.8832 0.0102 
68.0456 0.0101 
68.2080 0.0099 
68.3704 0.0098 
68.5328 0.0097 
68.6952 0.0095 
68.8576 0.0094 
69.0200 0.0092 
69.1824 0.0091 
69.3448 0.0090 
69.5072 0.0088 
69.6696 0.0087 
69.8320 0.0086 
69.9944 0.0085 
70.1568 0.0083 
70.3192 0.0082 
70.4816 0.0081 
70.6440 0.0079 
70.8064 0.0078 
70.9688 0.0077 
71.1312 0.0076 
71.2936 0.0074 
71.4560 0.0073 
71.6184 0.0072 
71.7808 0.0070 
71.9432 0.0069 
72.1056 0.0068 
72.2680 0.0067 
72.4304 0.0066 
72.5928 0.0064 
72.7552 0.0063 
72.9176 0.0062 
73.0800 0.0061 
73.2424 0.0059 
73.4048 0.0058 
73.5672 0.0057 
73.7296 0.0056 
73.8920 0.0054 
74.0544 0.0053 
74.2168 0.0052 
74.3792 0.0051 
74.5416 0.0050 
74.7040 0.0048 
74.8664 0.0047 
75.0288 0.0046 
75.1912 0.0045 
75.3536 0.0044 
75.5160 0.0042 
75.6784 0.0041 
75.8408 0.0040 
76.0032 0.0039 
76.1656 0.0038 
76.3280 0.0036 
76.4904 0.0035 
76.6528 0.0034 
76.8152 0.0033 
76.9776 0.0032 
77.1400 0.0031 
77.3024 0.0029 
77.4648 0.0028 
77.6272 0.0027 
77.7896 0.0026 
77.9520 0.0025 
78.1144 0.0023 
78.2768 0.0022 
78.4392 0.0021 
78.6016 0.0020 
78.7640 0.0019 
78.9264 0.0018 
79.0888 0.0016 
79.2512 0.0015 
79.4136 0.0014 
79.5760 0.0013 
79.7384 0.0012 
79.9008 0.0011 
80.0632 0.0009 
80.2256 0.0008 
80.3880 0.0007 
80.5504 0.0006 
80.7128 0.0005 
80.8752 0.0004 
81.0376 0.0002 
81.2000 0.0001 
81.3624 0.0000 
