0.1408 0.2083 
0.2816 0.2083 
0.4224 0.2083 
0.5632 0.2082 
0.7040 0.2082 
0.8448 0.2081 
0.9856 0.2080 
1.1264 0.2079 
1.2672 0.2078 
1.4080 0.2077 
1.5488 0.2075 
1.6896 0.2073 
1.8304 0.2071 
1.9712 0.2069 
2.1120 0.2067 
2.2528 0.2065 
2.3936 0.2062 
2.5344 0.2060 
2.6752 0.2057 
2.8160 0.2054 
2.9568 0.2051 
3.0976 0.2047 
3.2384 0.2044 
3.3792 0.2040 
3.5200 0.2036 
3.6608 0.2032 
3.8016 0.2028 
3.9424 0.2024 
4.0832 0.2019 
4.2240 0.2015 
4.3648 0.2010 
4.5056 0.2005 
4.6464 0.2000 
4.7872 0.1995 
4.9280 0.1989 
5.0688 0.1983 
5.2096 0.1978 
5.3504 0.1972 
5.4912 0.1966 
5.6320 0.1959 
5.7728 0.1953 
5.9136 0.1946 
6.0544 0.1940 
6.1952 0.1933 
6.3360 0.1926 
6.4768 0.1918 
6.6176 0.1911 
6.7584 0.1903 
6.8992 0.1896 
7.0400 0.1888 
7.1808 0.1880 
7.3216 0.1871 
7.4624 0.1863 
7.6032 0.1854 
7.7440 0.1846 
7.8848 0.1837 
8.0256 0.1828 
8.1664 0.1818 
8.3072 0.1809 
8.4480 0.1800 
8.5888 0.1790 
8.7296 0.1780 
8.8704 0.1771 
9.0112 0.1761 
9.1520 0.1751 
9.2928 0.1742 
9.4336 0.1732 
9.5744 0.1723 
9.7152 0.1713 
9.8560 0.1704 
9.9968 0.1694 
10.1376 0.1685 
10.2784 0.1676 
10.4192 0.1666 
10.5600 0.1657 
10.7008 0.1648 
10.8416 0.1639 
10.9824 0.1630 
11.1232 0.1620 
11.2640 0.1611 
11.4048 0.1602 
11.5456 0.1593 
11.6864 0.1584 
11.8272 0.1576 
11.9680 0.1567 
12.1088 0.1558 
12.2496 0.1549 
12.3904 0.1540 
12.5312 0.1532 
12.6720 0.1523 
12.8128 0.1515 
12.9536 0.1506 
13.0944 0.1497 
13.2352 0.1489 
13.3760 0.1481 
13.5168 0.1472 
13.6576 0.1464 
13.7984 0.1455 
13.9392 0.1447 
14.0800 0.1439 
14.2208 0.1431 
14.3616 0.1422 
14.5024 0.1414 
14.6432 0.1406 
14.7840 0.1398 
14.9248 0.1390 
15.0656 0.1382 
15.2064 0.1374 
15.3472 0.1366 
15.4880 0.1358 
15.6288 0.1351 
15.7696 0.1343 
15.9104 0.1335 
16.0512 0.1327 
16.1920 0.1319 
16.3328 0.1312 
16.4736 0.1304 
16.6144 0.1297 
16.7552 0.1289 
16.8960 0.1282 
17.0368 0.1274 
17.1776 0.1267 
17.3184 0.1259 
17.4592 0.1252 
17.6000 0.1244 
17.7408 0.1237 
17.8816 0.1230 
18.0224 0.1223 
18.1632 0.1215 
18.3040 0.1208 
18.4448 0.1201 
18.5856 0.1194 
18.7264 0.1187 
18.8672 0.1180 
19.0080 0.1173 
19.1488 0.1166 
19.2896 0.1159 
19.4304 0.1152 
19.5712 0.1145 
19.7120 0.1138 
19.8528 0.1131 
19.9936 0.1125 
20.1344 0.1118 
20.2752 0.1111 
20.4160 0.1105 
20.5568 0.1098 
20.6976 0.1091 
20.8384 0.1085 
20.9792 0.1078 
21.1200 0.1072 
21.2608 0.1065 
21.4016 0.1059 
21.5424 0.1052 
21.6832 0.1046 
21.8240 0.1039 
21.9648 0.1033 
22.1056 0.1027 
22.2464 0.1020 
22.3872 0.1014 
22.5280 0.1008 
22.6688 0.1002 
22.8096 0.0996 
22.9504 0.0990 
23.0912 0.0983 
23.2320 0.0977 
23.3728 0.0971 
23.5136 0.0965 
23.6544 0.0959 
23.7952 0.0953 
23.9360 0.0947 
24.0768 0.0942 
24.2176 0.0936 
24.3584 0.0930 
24.4992 0.0924 
24.6400 0.0918 
24.7808 0.0912 
24.9216 0.0907 
25.0624 0.0901 
25.2032 0.0895 
25.3440 0.0890 
25.4848 0.0884 
25.6256 0.0879 
25.7664 0.0873 
25.9072 0.0867 
26.0480 0.0862 
26.1888 0.0856 
26.3296 0.0851 
26.4704 0.0846 
26.6112 0.0840 
26.7520 0.0835 
26.8928 0.0829 
27.0336 0.0824 
27.1744 0.0819 
27.3152 0.0814 
27.4560 0.0808 
27.5968 0.0803 
27.7376 0.0798 
27.8784 0.0793 
28.0192 0.0788 
28.1600 0.0782 
28.3008 0.0777 
28.4416 0.0772 
28.5824 0.0767 
28.7232 0.0762 
28.8640 0.0757 
29.0048 0.0752 
29.1456 0.0747 
29.2864 0.0742 
29.4272 0.0738 
29.5680 0.0733 
29.7088 0.0728 
29.8496 0.0723 
29.9904 0.0718 
30.1312 0.0713 
30.2720 0.0709 
30.4128 0.0704 
30.5536 0.0699 
30.6944 0.0695 
30.8352 0.0690 
30.9760 0.0685 
31.1168 0.0681 
31.2576 0.0676 
31.3984 0.0671 
31.5392 0.0667 
31.6800 0.0662 
31.8208 0.0658 
31.9616 0.0653 
32.1024 0.0649 
32.2432 0.0645 
32.3840 0.0640 
32.5248 0.0636 
32.6656 0.0631 
32.8064 0.0627 
32.9472 0.0623 
33.0880 0.0618 
33.2288 0.0614 
33.3696 0.0610 
33.5104 0.0606 
33.6512 0.0601 
33.7920 0.0597 
33.9328 0.0593 
34.0736 0.0589 
34.2144 0.0585 
34.3552 0.0581 
34.4960 0.0577 
34.6368 0.0573 
34.7776 0.0569 
34.9184 0.0565 
35.0592 0.0561 
35.2000 0.0557 
35.3408 0.0553 
35.4816 0.0549 
35.6224 0.0545 
35.7632 0.0541 
35.9040 0.0537 
36.0448 0.0533 
36.1856 0.0529 
36.3264 0.0525 
36.4672 0.0522 
36.6080 0.0518 
36.7488 0.0514 
36.8896 0.0510 
37.0304 0.0507 
37.1712 0.0503 
37.3120 0.0499 
37.4528 0.0495 
37.5936 0.0492 
37.7344 0.0488 
37.8752 0.0485 
38.0160 0.0481 
38.1568 0.0477 
38.2976 0.0474 
38.4384 0.0470 
38.5792 0.0467 
38.7200 0.0463 
38.8608 0.0460 
39.0016 0.0456 
39.1424 0.0453 
39.2832 0.0449 
39.4240 0.0446 
39.5648 0.0443 
39.7056 0.0439 
39.8464 0.0436 
39.9872 0.0433 
40.1280 0.0429 
40.2688 0.0426 
40.4096 0.0423 
40.5504 0.0419 
40.6912 0.0416 
40.8320 0.0413 
40.9728 0.0410 
41.1136 0.0406 
41.2544 0.0403 
41.3952 0.0400 
41.5360 0.0397 
41.6768 0.0394 
41.8176 0.0391 
41.9584 0.0388 
42.0992 0.0384 
42.2400 0.0381 
42.3808 0.0378 
42.5216 0.0375 
42.6624 0.0372 
42.8032 0.0369 
42.9440 0.0366 
43.0848 0.0363 
43.2256 0.0360 
43.3664 0.0357 
43.5072 0.0354 
43.6480 0.0352 
43.7888 0.0349 
43.9296 0.0346 
44.0704 0.0343 
44.2112 0.0340 
44.3520 0.0337 
44.4928 0.0334 
44.6336 0.0332 
44.7744 0.0329 
44.9152 0.0326 
45.0560 0.0323 
45.1968 0.0321 
45.3376 0.0318 
45.4784 0.0315 
45.6192 0.0312 
45.7600 0.0310 
45.9008 0.0307 
46.0416 0.0304 
46.1824 0.0302 
46.3232 0.0299 
46.4640 0.0296 
46.6048 0.0294 
46.7456 0.0291 
46.8864 0.0289 
47.0272 0.0286 
47.1680 0.0284 
47.3088 0.0281 
47.4496 0.0279 
47.5904 0.0276 
47.7312 0.0274 
47.8720 0.0271 
48.0128 0.0269 
48.1536 0.0266 
48.2944 0.0264 
48.4352 0.0261 
48.5760 0.0259 
48.7168 0.0257 
48.8576 0.0254 
48.9984 0.0252 
49.1392 0.0249 
49.2800 0.0247 
49.4208 0.0245 
49.5616 0.0243 
49.7024 0.0240 
49.8432 0.0238 
49.9840 0.0236 
50.1248 0.0233 
50.2656 0.0231 
50.4064 0.0229 
50.5472 0.0227 
50.6880 0.0224 
50.8288 0.0222 
50.9696 0.0220 
51.1104 0.0218 
51.2512 0.0216 
51.3920 0.0214 
51.5328 0.0212 
51.6736 0.0209 
51.8144 0.0207 
51.9552 0.0205 
52.0960 0.0203 
52.2368 0.0201 
52.3776 0.0199 
52.5184 0.0197 
52.6592 0.0195 
52.8000 0.0193 
52.9408 0.0191 
53.0816 0.0189 
53.2224 0.0187 
53.3632 0.0185 
53.5040 0.0183 
53.6448 0.0181 
53.7856 0.0179 
53.9264 0.0177 
54.0672 0.0175 
54.2080 0.0173 
54.3488 0.0171 
54.4896 0.0169 
54.6304 0.0168 
54.7712 0.0166 
54.9120 0.0164 
55.0528 0.0162 
55.1936 0.0160 
55.3344 0.0158 
55.4752 0.0156 
55.6160 0.0155 
55.7568 0.0153 
55.8976 0.0151 
56.0384 0.0149 
56.1792 0.0148 
56.3200 0.0146 
56.4608 0.0144 
56.6016 0.0142 
56.7424 0.0141 
56.8832 0.0139 
57.0240 0.0137 
57.1648 0.0136 
57.3056 0.0134 
57.4464 0.0132 
57.5872 0.0131 
57.7280 0.0129 
57.8688 0.0127 
58.0096 0.0126 
58.1504 0.0124 
58.2912 0.0122 
58.4320 0.0121 
58.5728 0.0119 
58.7136 0.0118 
58.8544 0.0116 
58.9952 0.0114 
59.1360 0.0113 
59.2768 0.0111 
59.4176 0.0110 
59.5584 0.0108 
59.6992 0.0107 
59.8400 0.0105 
59.9808 0.0104 
60.1216 0.0102 
60.2624 0.0101 
60.4032 0.0099 
60.5440 0.0098 
60.6848 0.0096 
60.8256 0.0095 
60.9664 0.0093 
61.1072 0.0092 
61.2480 0.0090 
61.3888 0.0089 
61.5296 0.0087 
61.6704 0.0086 
61.8112 0.0085 
61.9520 0.0083 
62.0928 0.0082 
62.2336 0.0080 
62.3744 0.0079 
62.5152 0.0077 
62.6560 0.0076 
62.7968 0.0075 
62.9376 0.0073 
63.0784 0.0072 
63.2192 0.0070 
63.3600 0.0069 
63.5008 0.0068 
63.6416 0.0066 
63.7824 0.0065 
63.9232 0.0063 
64.0640 0.0062 
64.2048 0.0061 
64.3456 0.0059 
64.4864 0.0058 
64.6272 0.0057 
64.7680 0.0055 
64.9088 0.0054 
65.0496 0.0052 
65.1904 0.0051 
65.3312 0.0050 
65.4720 0.0048 
65.6128 0.0047 
65.7536 0.0046 
65.8944 0.0044 
66.0352 0.0043 
66.1760 0.0042 
66.3168 0.0040 
66.4576 0.0039 
66.5984 0.0038 
66.7392 0.0036 
66.8800 0.0035 
67.0208 0.0034 
67.1616 0.0032 
67.3024 0.0031 
67.4432 0.0029 
67.5840 0.0028 
67.7248 0.0027 
67.8656 0.0025 
68.0064 0.0024 
68.1472 0.0023 
68.2880 0.0021 
68.4288 0.0020 
68.5696 0.0019 
68.7104 0.0017 
68.8512 0.0016 
68.9920 0.0015 
69.1328 0.0013 
69.2736 0.0012 
69.4144 0.0011 
69.5552 0.0009 
69.6960 0.0008 
69.8368 0.0007 
69.9776 0.0005 
70.1184 0.0004 
70.2592 0.0003 
70.4000 0.0001 
70.5408 0.0000 
